645.57
647.35
644.82
637.54
628.65
633
635.38
624.01
625.63
614.13
607.27
606.31
604.71
604.59
597.51
588.82
593.87
593.76
592.83
585.54
587.99
592.33
594.41
600.96
592.58
591.48
590.09
592.33
594.09
571.94
567.77
524.75
531.7
531.17
524.94
519.01
517.96
521.68
519.61
523.48
530.32
523.44
523.47
531.82
538.79
542.55
541.65
536.74
536.86
537.46
539.78
544.99
539.19
532.87
528.7
531.26
531.4
526.74
524.69
530.65
536.61
536.09
530.92
530.44
530.75
532.36
531.24
527.76
526.24
527.67
517.35
522.06
527.55
525.25
531.15
537.37
545.99
543.99
544.43
535.92
535.96
528.99
519.68
512.51
512.59
508.79
501.53
500.6
499.78
500.75
506.5
550.5
546.07
556.18
551.51
549.07
540.67
554.25
557.36
546.39
535.73
532.94
536.52
543.46
540.04
543.93
540.98
553.13
561.02
554.52
560.09
563.9
567.67
570.09
549.02
544.46
550.77
554.99
557.5
554.43
560.54
561.36
565.55
566.43
560.02
567.9
565
566.32
551.23
556.07
545.96
533.4
523.74
519.8
521.14
515
519.55
518.63
524.99
528.16
520.63
520.01
519.05
520.56
512.49
520.92
525.45
526.75
520.03
522.7
524.9
516.68
529.88
525.96
531.91
524.96
519.87
521.36
508.89
504.5
501.11
498.68
496.04
492.81
489.64
486.59
480.94
487.75
483.03
483.41
489.56
487.96
476.75
482.75
486.22
481.53
489.1
490.64
467.41
472.3
464.68
455.32
450.12
464.9
472.69
467.71
494.64
506.17
498.22
495.27
498.69
488.58
487.22
491.7
490.9
488.59
502.97
501.02
502.96
502.36
501.07
507.74
502.33
497.91
498.5
489.57
467.36
454.45
461.01
464.98
465.25
469.45
462.54
456.68
452.53
453.32
447.79
440.99
438.5
440.51
418.99
426.31
424.95
431.76
430.31
430.2
427.44
426.51
427.29
420.73
422.35
415.05
417.42
420.8
418.49
409.22
396.53
393.78
398.07
402.63
402.54
413.5
416.84
423
431.77
432
430.05
435.96
432.19
437.6
438.89
441.81
438.46
445.11
449.31
450.72
449.73
451.58
444.95
441.44
445.15
442.14
441.35
439.66
442.93
433.26
434.58
428.85
443.86
454.74
452.97
456.77
463.84
458.66
460.71
449.98
445.52
439.29
442.78
430.12
417.2
408.38
405.46
406.13
398.67
390.53
392.05
402.8
426.24
419.85
429.8
434.33
435.69
426.98
426.21
423.2
427.72
431.99
429.79
428.91
442.66
452.08
461.14
463.58
461.91
452.73
452.08
454.49
455.72
443.66
432.5
428.35
428.43
437.87
431.72
430.58
425.66
431.14
420.05
430.47
441.4
444.57
448.97
442.8
450.81
446.06
448.85
459.99
460.16
466.59
467.01
467.9
479.93
474.98
468.22
457.35
457.84
442.32
453.62
455.49
456.83
458.27
449.83
439.88
450.5
514.01
504.77
500
502.68
506.09
485.92
501.75
520.3
523.51
517.1
525.31
523.9
527
542.1
549.03
532.17
509.59
515.06
513
520.17
519.33
521.73
526.31
533.9
518.83
509.79
529.69
539
541.39
529.82
533.25
547.24
538.79
575.85
586.19
585.28
589.36
582.94
584.78
589.53
571.5
561.7
560.91
565.73
527.68
525.62
536.88
542.9
542.83
547.06
537.75
558
582.85
584.62
576.8
596.54
595.32
604
609.54
616.83
613.36
634.03
609.84
632.64
644.61
649.79
634.76
629.71
628.1
640.91
635.85
638.17
652.59
666.8
671.45
661.31
659.39
667.1
681.32
665.18
673.54
690.79
700.09
698.7
702.1
701.91
699.78
691.28
682.98
669.79
660.59
662.74
680.44
676.27
670.23
674.97
665.24
663.87
673.47
674.8
675.68
663.22
662.63
668.87
656.06
665.15
648.11
636.34
630.83
631.69
630
621.7
620.73
619.86
620.91
622.55
615.7
607.79
606.81
610.76
595.03
585.16
574.88
574.97
600.92
603.83
604.3
614.32
606.26
606.94
606.91
604.97
598.9
604.43
608.21
613.89
605.88
609.94
599.41
592.52
584
569.05
574.5
572.03
570.77
582.1
577.67
585.74
587.41
585.78
574.13
571.53
572.16
576.16
571.17
580.32
571.72
571.46
562.83
564.29
560.99
577.73
579.17
572.27
562.29
565.32
570.56
556.97
561.28
530.38
530.12
546.08
553.17
558.22
566.71
570.52
569.18
568.18
569.48
565.25
581.82
585.98
582.13
583.98
603
607.7
610
560.28
571.7
572.98
587.44
608.34
609.7
580.13
605.23
622.77
626.2
628.44
636.23
633.68
624.31
629.32
618.63
599.55
609.86
617.62
614.48
606.98
596.05
599.34
602.5
605.96
601.1
585.57
585.56
589.58
568.1
552
545.17
541.99
530.69
530.26
533.16
545.18
544.47
542.44
535.41
525.76
522.41
516.39
513.04
514.85
502.12
502.21
497.67
509.46
502.6
493.42
493.17
476.68
468.83
463.97
459.68
455.12
456.19
456.48
453.01
447.28
444.63
446.66
420.41
427.41
420.3
427.75
429.11
424.7
419.81
421.39
422.55
423.24
421.73
422.4
418.03
413.44
411.23
405
405.12
402.64
406.53
403.33
398.55
396.45
395.95
382.21
381.02
378.94
380.19
388.81
391.84
393.62
390.66
389.09
390.95
393.01
389.7
387.93
382.2
373.2
376.12
363.57
366.99
376.51
369.01
374.94
377.41
384.77
388.83
379.26
384.62
385.22
395.28
406.23
399.73
400.24
403.07
397.41
396.51
404.78
404.95
404.69
400.6
397.77
405.77
392.87
395.31
398.62
422.24
419.99
422
408.43
402.19
400.29
388.81
369.8
377.37
378.25
372.5
374.6
381.32
390.57
397.01
399.26
403.17
404.3
401.82
412.14
413.45
411.63
400.5
392.96
389.3
384.62
379.94
377.48
384.14
383.93
379.74
374.05
381.03
384.83
389.99
389.97
383.58
373.72
376.18
373.6
356.44
356.03
366.05
380.44
380.48
383.41
376.99
373.7
363.69
374.01
353.21
373.62
377.37
392.57
388.91
396.75
390.48
391.82
392.59
403.41
398.5
393.3
387.29
386.9
376.85
373.8
364.92
357.77
358.02
353.75
354
359.71
357.2
351.76
349.43
343.26
335.67
334.04
335.26
332.04
326.35
331.23
322.61
325.3
315.32
320.26
325.16
326.75
332.44
326.6
325.9
331.49
332.24
332.04
338.04
343.44
346.1
345.51
347.83
337.41
335
336.78
332.19
334.4
335.22
340.53
339.87
336.14
333.3
340.5
346.57
347.23
349.45
347.6
346.66
346.75
349.57
348.2
346.28
350.13
346.75
350.15
350.42
353.01
350.7
342.41
337.86
331.85
327.46
332.42
336.13
332.4
330.8
335.06
338.08
338.04
338.89
341.19
344.56
348.51
348.63
350.96
350.44
351.54
344.97
339.19
341.2
339.3
330.67
334.64
330.01
345.43
353.56
351.99
346.67
352.47
355.76
355.36
360
359.56
352.12
349.31
353.21
348.16
342.88
342.62
338.61
350.56
358.3
363.13
359.9
359.18
356.85
354.54
358.16
355.2
351.88
346.5
343.44
344.32
345.03
339.32
336.1
343.21
343.85
341.4
337.45
326.72
332.68
338.84
340.65
348.48
345.68
344.42
341.64
342.45
336.12
333.73
334
331.29
329.57
322.56
323.66
325.29
325.47
324.68
323.6
325.16
324.2
322.21
320.61
321.25
320.36
320.29
321.67
