3.99
4.36
4.92
5.84
5.66
5.59
4.92
4.87
4.54
4.79
4.35
3.85
3.77
4.04
4.14
3.93
3.86
3.64
3.79
3.90
3.75
3.61
3.60
3.42
3.37
3.32
3.24
3.24
3.22
3.21
3.08
3.04
2.98
2.99
3.08
3.18
3.14
3.01
3.08
2.96
3.06
3.14
3.21
3.30
3.27
3.21
3.28
3.37
3.43
3.53
3.53
3.56
3.53
3.50
3.42
3.31
3.27
3.21
3.17
3.18
3.19
3.16
3.27
3.29
3.04
3.01
2.96
3.03
2.90
2.92
2.97
2.96
2.95
3.01
3.10
3.09
2.98
2.95
2.96
2.91
2.86
2.87
2.85
2.73
2.61
2.68
2.55
2.46
2.56
2.66
2.86
2.79
2.77
2.87
2.98
2.91
2.80
2.68
2.65
2.61
2.65
2.62
2.61
2.50
2.71
2.69
2.76
2.81
2.65
2.68
2.74
2.73
2.75
2.76
2.65
2.58
2.55
2.52
2.42
2.34
2.47
2.43
2.44
2.42
2.30
2.36
2.40
2.32
2.27
2.28
2.24
2.22
2.28
2.27
2.12
2.18
2.19
2.25
2.30
2.35
2.21
2.26
2.32
2.24
2.15
2.01
1.95
1.89
1.92
1.76
1.75
1.74
1.75
1.98
1.96
2.00
1.91
1.69
1.77
1.83
1.77
1.80
1.90
2.06
2.10
1.88
1.79
1.76
1.79
1.76
1.70
1.77
1.74
1.80
1.78
1.77
1.79
1.79
1.69
1.66
1.58
1.51
1.40
1.45
1.56
1.50
1.42
1.40
1.47
1.42
1.48
1.64
1.44
1.46
1.45
1.47
1.57
1.53
1.49
1.50
1.49
1.40
1.49
1.43
1.40
1.47
1.52
1.49
1.47
1.50
1.45
