12.40
12.33
12.43
12.39
12.34
12.27
12.33
12.41
12.39
12.45
12.44
12.41
12.32
12.30
12.33
12.38
12.46
12.48
12.45
12.42
12.48
12.41
12.29
12.42
12.44
12.40
12.54
12.63
12.71
12.76
12.82
12.90
12.85
12.85
12.95
12.91
12.91
12.96
12.94
12.96
12.96
12.97
12.89
12.86
12.95
12.98
12.96
12.98
12.90
12.89
12.90
12.87
12.89
12.93
12.89
12.92
12.87
12.71
12.83
12.96
12.92
12.95
12.95
12.98
12.96
12.91
12.68
12.69
12.68
12.65
12.63
12.73
12.80
12.81
12.82
12.82
12.81
12.72
12.67
12.69
12.76
12.81
12.84
12.77
12.71
12.71
12.73
12.75
12.82
12.83
12.88
12.88
12.87
12.97
12.97
13.00
12.88
12.86
12.93
12.90
12.99
13.13
13.23
13.26
13.19
13.30
13.26
13.15
13.16
13.14
13.16
13.19
13.11
13.10
13.11
13.19
13.26
13.21
13.26
13.30
13.29
13.37
13.35
13.25
13.22
13.40
13.22
13.06
13.08
13.09
13.14
12.99
13.03
13.11
13.09
13.11
13.12
13.07
13.10
13.13
13.23
13.18
13.16
13.25
13.34
13.40
13.45
13.44
13.37
13.22
13.27
13.21
13.21
13.25
13.23
13.23
13.17
13.27
13.23
13.30
13.29
13.30
13.35
13.40
13.48
13.55
13.50
13.47
13.57
13.58
13.44
13.39
13.50
13.45
13.44
13.32
13.37
13.37
13.37
13.38
13.45
13.48
13.46
13.45
13.50
13.61
13.59
13.61
13.57
13.63
13.54
13.60
13.64
13.61
13.56
13.62
13.68
13.70
13.75
13.76
13.82
13.80
13.80
13.79
13.80
13.79
13.87
13.92
13.87
13.96
14.02
