50.78
51.21
50.98
50.96
50.53
50.56
50.75
50.01
48.60
48.53
48.27
49.07
51.60
51.19
51.16
51.19
51.65
52.01
52.80
53.26
53.94
53.85
54.48
54.63
54.87
54.91
54.75
54.92
54.88
54.70
54.95
55.30
55.56
55.24
55.99
55.76
55.95
56.09
55.53
55.08
54.57
54.55
54.03
54.53
54.59
53.99
53.73
54.04
53.43
53.57
53.31
53.60
53.97
54.81
55.06
55.40
55.29
55.18
54.40
54.80
55.17
54.75
53.94
53.85
55.32
56.04
56.24
56.11
55.61
55.47
55.40
55.95
56.19
56.09
56.19
56.94
55.68
56.49
56.82
57.86
58.12
58.64
58.99
58.78
59.69
59.45
59.84
60.39
60.01
59.97
59.93
60.22
60.47
60.10
60.28
60.36
60.08
61.03
60.52
61.02
61.09
61.23
61.40
60.92
60.58
60.87
60.53
60.82
60.94
61.23
61.51
61.73
61.36
62.22
62.29
62.99
62.68
62.99
62.67
63.03
62.86
63.03
63.44
63.34
63.07
63.73
64.14
64.19
63.48
64.34
64.60
63.21
62.96
63.83
63.36
62.91
62.45
62.49
61.26
61.68
61.95
61.41
62.23
62.26
62.25
62.64
62.79
62.66
62.94
63.12
63.85
64.07
63.24
63.58
63.20
63.10
63.50
63.69
63.67
64.10
65.25
66.06
65.86
66.33
65.91
65.67
65.90
66.09
65.71
65.66
65.64
64.55
64.20
64.38
64.44
63.92
63.97
63.51
63.37
64.19
63.27
62.11
62.31
63.12
63.10
62.41
63.84
63.06
62.62
61.81
63.07
63.96
63.97
65.03
65.97
67.89
66.87
66.58
66.75
65.51
66.58
66.59
63.30
64.43
63.39
63.93
64.50
64.69
64.97
65.90
65.89
65.55
65.16
64.24
64.41
64.93
64.50
64.84
64.71
64.97
65.61
66.29
67.07
67.39
67.80
69.49
69.81
69.44
68.04
68.32
67.67
67.29
66.46
65.47
64.96
65.51
67.83
68.61
69.20
69.84
69.70
69.50
70.15
69.49
68.17
68.31
66.82
65.69
66.27
67.41
66.08
