159.95
160.42
160.49
160.395
160.46
160.7
160.6558
160.618
160.49
160.47
160.46
160.36
160.46
160.449
160.45
160.435
160.54
160.615
160.6
160.73
160.64
160.6
160.58
160.65
160.59
160.56
160.5
160.55
160.56
160.6205
160.69
160.72
160.74
160.78
160.7185
160.82
160.67
160.75
160.72
160.72
160.78
160.8
160.78
160.73
160.36
160.4
160.44
160.5
160.5675
160.48
160.43
160.43
160.44
160.42
160.46
160.3998
160.417
160.37
160.36
160.4
160.3709
160.39
160.38
160.365
160.33
160.27
160.25
160.27
160.274
160.22
160.3
160.29
160.26
160.29
160.37
160.495
160.475
160.38
160.39
160.42
160.421
160.48
160.44
160.4121
160.45
160.39
160.4475
160.41
160.374
160.33
160.2907
160.365
160.31
160.39
160.37
160.3278
160.29
160.3003
160.28
160.37
160.28
160.2365
160.171
160.24
160.282
160.28
160.28
160.28
160.16
160.19
160.131
160.02
160.04
160.11
160.11
160.09
160.0209
160.02
160.08
160.07
160.06
160.02
160.0995
160.1001
160.0942
160.1
160.12
160.09
160.09
160.15
160.12
160.13
160.13
160.1186
160.15
160.13
160.122
160.13
160.12
160.1
160.07
160.08
160.08
160.1
160.095
160.06
160.035
160.05
160.05
160.0371
160.03
160.07
160.05
160.07
160.08
160.04
160.05
160.03
160.0564
160.0557
160.09
160.06
160.033
160.03
160.041
160.04
160.05
160.04
160.0234
159.94
159.95
159.9528
159.95
159.99
159.962
159.99
159.989
159.9999
160.08
160.1
160.07
160.05
160.055
160.102
160.0987
160.11
160.1199
160.09
160.08
160.06
160.13
160.088
160.0701
160.1024
160.08
160.16
160.15
160.17
160.24
160.25
160.25
160.2
160.26
160.28
160.31
160.35
160.38
160.32
160.33
160.32
160.3
160.29
160.31
160.26
160.29
160.25
160.27
160.31
160.3555
160.2636
160.33
160.33
160.31
160.358
160.36
160.35
160.328
160.31
160.3
160.29
160.2801
160.282
160.27
160.3
160.3128
160.3
160.27
160.2
160.1761
160.15
160.08
160.054
160.053
160.0301
160.03
160
159.95
159.99
159.98
159.96
159.82
159.85
159.9
159.932
159.99
160
160.01
160.047
160.04
160.01
160.08
160.09
160.1
160.1
160.1
160.09
160.088
160.068
160.0601
160.06
160.06
160.045
160.03
160.0201
160.03
160.06
160.03
160.05
160.0126
160.046
160.07
160.07
160.07
160.08
160.07
160.033
160.0522
160.07
160.12
160.148
160.15
160.16
160.006
160.02
160.06
160.044
160.05
160.05
160.05
160.029
160.03
160
159.97
159.99
160
160.0227
160.06
160.14
160.14
160.112
160.09
160.1
160.0801
160.11
160.18
160.2101
160.24
160.2799
160.13
160.105
160.04
160.03
160
159.992
160.11
160.12
160.123
160.06
160.1
160.12
160.07
160.15
160.13
160.15
160.125
160.145
160.16
160.15
160.12
160.13
160.1
160.16
160.16
160.12
160.15
160.135
160.095
160.09
160.085
160.0599
160.04
160
160.02
160
160.02
160.052
160.09
160.08
160.0201
160.04
160.05
160.05
160.08
160.15
160.199
160.17
160.16
160.16
160.2
160.13
160.13
160.1
160.08
160.09
160.09
160.13
160.15
160.18
160.18
160.15
160.14
160.16
160.17
160.13
160.15
160.145
160.185
160.2
160.1199
