Date,Open,High,Low,Close,Volume,OpenInt
20070716,9.29,9.69,9.15,9.21,1750978,0
20070717,9.35,9.6,9.1,9.51,894110,0
20070718,9.54,9.63,9.46,9.55,516319,0
20070719,9.6,9.6,9.45,9.47,340264,0
20070720,9.5,9.54,9.25,9.32,238169,0
20070723,9.49,9.49,9.33,9.38,151436,0
20070724,9.32,9.32,9.15,9.24,301239,0
20070725,9.2,9.25,9.2,9.2,220887,0
20070726,9.2,9.2,9.05,9.13,318879,0
20070727,9.15,9.15,9.05,9.08,191448,0
20070730,9.08,9.29,9.08,9.28,159660,0
20070731,9.25,9.3,9.15,9.18,110870,0
20070801,9.24,9.25,9.14,9.19,105574,0
20070802,9.2,9.24,9,9.09,157579,0
20070803,9.05,9.12,8.71,8.71,202521,0
20070806,8.7,9.08,8.31,8.82,367763,0
20070807,8.9,8.97,8.75,8.92,65712,0
20070808,8.8,9.22,8.8,9.18,152422,0
20070809,9.1,9.1,8.87,9.05,42649,0
20070810,9,9.05,8.9,9,70239,0
20070813,9.05,9.12,8.76,8.8,152820,0
20070814,8.86,8.91,8.76,8.77,157062,0
20070815,8.76,9,8.75,8.85,77726,0
20070816,8.76,8.85,8.5,8.7,297764,0
20070817,8.99,9.29,8.85,9.27,326539,0
20070820,9.21,9.25,9,9.06,43912,0
20070821,9.1,9.3,9.1,9.28,267572,0
20070822,9.29,9.5,9.29,9.49,166819,0
20070823,9.53,9.53,9.25,9.39,31337,0
20070824,9.32,9.59,9.25,9.48,112442,0
20070827,9.45,9.46,9.1,9.37,91119,0
20070828,9.25,9.4,9.22,9.24,25666,0
20070829,9.21,9.35,9.21,9.3,48307,0
20070830,9.35,9.45,9.25,9.45,160945,0
20070831,9.5,9.6,9.4,9.5,95174,0
20070904,9.52,9.59,9.5,9.54,59267,0
20070905,9.46,9.5,9.35,9.45,53299,0
20070906,9.45,9.46,9.25,9.3,38214,0
20070907,9.26,9.35,9.2,9.35,81044,0
20070910,9.39,9.4,9.3,9.38,96092,0
20070911,9.4,9.42,9.25,9.35,118878,0
20070912,9.4,9.47,9.38,9.42,126802,0
20070913,9.45,9.55,9.4,9.5,139906,0
20070914,9.48,9.55,9.48,9.53,99523,0
20070917,9.55,9.55,9.48,9.53,98708,0
20070918,9.49,9.61,9.45,9.6,118747,0
20070919,9.6,9.62,9.55,9.62,117897,0
20070920,9.6,9.6,9.56,9.59,136005,0
20070921,9.61,9.62,9.55,9.6,116514,0
20070924,9.59,9.6,9.55,9.58,45642,0
20070925,9.58,9.68,9.58,9.65,144459,0
20070926,9.68,9.73,9.6,9.69,97439,0
20070927,9.69,9.71,9.52,9.66,186967,0
20070928,9.65,9.79,9.54,9.75,3072951,0
20071001,9.72,9.74,9.53,9.66,256660,0
20071002,9.75,10.01,9.72,9.9,586318,0
20071003,9.85,9.96,9.8,9.96,197514,0
20071004,9.96,10,9.88,9.93,144087,0
20071005,9.99,10,9.95,10,186193,0
20071008,10,10,9.95,9.99,91744,0
20071009,9.98,9.99,9.9,9.96,101604,0
20071010,9.98,9.98,9.88,9.95,48943,0
20071011,9.95,9.95,9.85,9.91,72034,0
20071012,9.91,9.98,9.75,9.93,109206,0
20071015,9.91,9.91,9.51,9.81,134645,0
20071016,9.8,9.95,9.72,9.86,59536,0
20071017,9.94,9.94,9.74,9.8,52155,0
20071018,9.73,9.89,9.5,9.89,117179,0
20071019,9.87,9.87,9.55,9.61,128714,0
20071022,9.59,9.8,9.55,9.74,68811,0
20071023,9.8,9.81,9.7,9.81,96782,0
20071024,9.76,9.83,9.6,9.8,64795,0
20071025,9.8,9.8,9.55,9.6,97350,0
20071026,9.76,9.8,9.62,9.7,86559,0
20071029,9.73,9.76,9.6,9.71,71238,0
20071030,9.69,9.72,9.6,9.63,57737,0
20071031,9.65,9.69,9.6,9.61,73768,0
20071101,9.6,9.63,9.45,9.51,160514,0
20071102,9.6,9.75,9.41,9.54,68521,0
20071105,9.31,9.37,9.07,9.29,102143,0
20071106,9.3,9.69,9.3,9.67,110653,0
20071107,9.79,9.79,9.47,9.57,131868,0
20071108,9.58,9.71,9.4,9.59,137308,0
20071109,9.5,9.61,9.29,9.49,97889,0
20071112,9.5,9.7,9.4,9.62,79017,0
20071113,9.7,9.75,9.6,9.73,87936,0
20071114,9.62,9.75,9.55,9.61,75261,0
20071115,9.57,9.62,9.42,9.56,61573,0
20071116,9.57,9.62,9.35,9.56,79343,0
20071119,9.5,9.58,9.45,9.58,115313,0
20071120,9.58,9.58,9.25,9.48,121310,0
20071121,9.46,9.55,9.31,9.36,83883,0
20071123,9.43,9.69,9.32,9.64,46805,0
20071126,9.62,9.74,9.43,9.48,170921,0
20071127,9.51,9.65,9.47,9.62,91758,0
20071128,9.65,9.75,9.64,9.75,153595,0
20071129,9.74,9.76,9.65,9.7,170569,0
20071130,9.7,9.84,9.65,9.75,392211,0
20071203,9.71,9.85,9.64,9.64,118388,0
20071204,9.7,9.8,9.58,9.76,118201,0
20071205,9.84,9.84,9.7,9.79,63790,0
20071206,9.79,9.91,9.79,9.91,194385,0
20071207,9.88,9.95,9.85,9.9,109622,0
20071210,9.9,9.98,9.87,9.94,256225,0
20071211,9.95,9.97,9.69,9.74,140349,0
20071212,9.89,9.95,9.78,9.93,263146,0
20071213,9.93,9.94,9.89,9.93,248330,0
20071214,9.85,9.95,9.72,9.83,85375,0
20071217,9.77,9.9,9.7,9.85,72290,0
20071218,9.9,9.95,9.85,9.93,125335,0
20071219,9.9,9.95,9.85,9.94,61635,0
20071220,9.95,9.95,9.78,9.93,89633,0
20071221,9.98,9.99,9.89,9.99,408355,0
20071224,9.98,10.02,9.96,10.02,88889,0
20071226,9.96,10,9.92,10,137687,0
20071227,10,10,9.75,9.75,84178,0
20071228,9.82,9.95,9.8,9.84,65611,0
20071231,9.8,9.92,9.7,9.72,100150,0
20080102,9.72,9.93,9.72,9.89,231212,0
20080103,9.89,9.96,9.72,9.74,203631,0
20080104,9.74,9.9,9.71,9.71,130091,0
20080107,9.75,9.9,9.73,9.84,223682,0
20080108,9.84,9.89,9.72,9.75,79389,0
20080109,9.75,9.88,9.73,9.86,138122,0
20080110,9.78,9.96,9.75,9.94,195933,0
20080111,9.85,9.9,9.71,9.71,104294,0
20080114,9.75,9.77,9.68,9.73,85877,0
20080115,9.63,9.85,9.57,9.78,99987,0
20080116,9.77,9.84,9.75,9.8,116359,0
20080117,9.8,9.8,9.46,9.48,62076,0
20080118,9.39,9.71,9.2,9.39,129106,0
20080122,8.81,9.83,8.73,9.47,263331,0
20080123,9.23,9.78,9,9.74,108267,0
20080124,9.78,9.78,9.22,9.59,103671,0
20080125,9.68,9.79,9.6,9.79,76386,0
20080128,9.76,9.82,9.6,9.69,82566,0
20080129,9.71,9.76,9.51,9.75,57720,0
20080130,9.7,9.89,9.61,9.62,59469,0
20080131,9.5,9.9,9.44,9.9,132921,0
20080201,9.9,9.9,9.31,9.67,169159,0
20080204,9.61,9.74,9.5,9.58,55965,0
20080205,9.5,9.8,9.42,9.63,176473,0
20080206,9.7,9.8,9.5,9.51,47251,0
20080207,9.47,9.8,9.43,9.61,45079,0
20080208,9.51,9.7,9.5,9.61,65720,0
20080211,9.59,9.6,9.45,9.45,102274,0
20080212,9.48,9.48,9.36,9.37,92981,0
20080213,9.45,9.67,9.36,9.67,47111,0
20080214,9.5,9.59,9.2,9.56,101817,0
20080215,9.32,9.52,9.3,9.37,57233,0
20080219,9.41,9.53,9.25,9.43,69122,0
20080220,9.38,9.59,9.31,9.5,90195,0
20080221,9.55,9.69,9.3,9.3,74674,0
20080222,9.32,9.5,9.12,9.42,125759,0
20080225,9.4,9.51,9.25,9.51,80508,0
20080226,9.45,9.72,9.29,9.54,102805,0
20080227,9.47,9.65,9.36,9.44,77785,0
20080228,9.37,9.41,9.25,9.25,135377,0
20080229,9.24,9.29,9.09,9.15,176393,0
20080303,9.17,9.4,9.02,9.07,142165,0
20080304,9.05,9.28,9.04,9.26,75008,0
20080305,9.31,9.38,9,9.02,102465,0
20080306,9,9.12,8.92,8.92,113567,0
20080307,8.9,9.41,8.9,9.06,51588,0
20080310,9.1,9.33,9.02,9.07,50697,0
20080311,9.2,9.49,9.2,9.49,74238,0
20080312,9.5,9.7,9.42,9.46,92150,0
20080313,9.34,9.68,9.14,9.58,70004,0
20080314,9.64,9.64,9.29,9.48,63142,0
20080317,9.23,9.53,9.1,9.46,147439,0
20080318,9.54,9.65,9.45,9.6,170422,0
20080319,9.65,9.69,9.48,9.5,104821,0
20080320,9.7,9.85,9.5,9.8,552019,0
20080324,9.85,9.94,9.75,9.84,236151,0
20080325,9.87,9.94,9.76,9.87,213393,0
20080326,9.8,9.9,9.73,9.89,85947,0
20080327,9.92,9.92,9.75,9.75,78445,0
20080328,9.7,9.83,9.61,9.61,82132,0
20080331,9.75,9.89,9.75,9.89,78040,0
20080401,9.89,9.91,9.77,9.91,184791,0
20080402,9.89,9.95,9.85,9.93,181219,0
20080403,9.86,9.91,9.65,9.77,166119,0
20080404,9.81,9.89,9.55,9.78,41319,0
20080407,9.82,9.85,9.75,9.8,36269,0
20080408,9.75,9.9,9.61,9.82,28436,0
20080409,9.85,9.9,9.8,9.8,120870,0
20080410,9.83,9.93,9.8,9.83,98203,0
20080411,9.74,9.94,9.74,9.82,271708,0
20080414,9.8,9.93,9.71,9.88,257772,0
20080415,9.91,9.91,9.71,9.9,83620,0
20080416,9.94,9.98,9.88,9.97,130615,0
20080417,9.93,9.97,9.88,9.92,92775,0
20080418,9.98,10.06,9.78,10.03,497249,0
20080421,9.99,10.01,9.6,9.97,43001,0
20080422,9.91,10.04,9.89,10.02,125744,0
20080423,10.01,10.01,9.82,9.9,26590,0
20080424,9.93,10.05,9.76,10.05,103158,0
20080425,10.06,10.07,9.88,10.06,178843,0
20080428,10.06,10.2,10,10.17,123357,0
20080429,10.18,10.23,10.11,10.18,48546,0
20080430,10.19,10.21,10.13,10.21,81329,0
20080501,10.12,10.73,10.12,10.7,194626,0
20080502,10.74,10.9,10.7,10.82,162305,0
20080505,10.84,10.88,10.7,10.83,96886,0
20080506,10.77,11.02,10.7,11.02,92009,0
20080507,11.01,11.05,10.71,10.75,68147,0
20080508,10.77,10.81,10.75,10.76,37568,0
20080509,10.79,10.99,10.71,10.86,86749,0
20080512,10.89,11.07,10.87,11.07,76830,0
20080513,11.06,11.1,10.93,11.04,35359,0
20080514,11.03,11.18,10.87,10.87,40445,0
20080515,10.85,11.12,10.72,11.05,47684,0
20080516,11.12,11.15,10.95,11.01,70579,0
20080519,10.98,11.25,10.97,11.14,175902,0
20080520,11.09,11.24,11.09,11.21,143252,0
20080521,11.2,11.3,11.08,11.11,118559,0
20080522,11.12,11.45,11.12,11.38,81650,0
20080523,11.32,11.56,11.22,11.48,157847,0
20080527,11.5,11.61,11.46,11.58,140250,0
20080528,11.64,11.74,11.45,11.71,90369,0
20080529,11.7,12,11.66,11.99,76223,0
20080530,12,12,11.45,11.54,1009246,0
20080602,11.51,11.72,11.23,11.31,400301,0
20080603,11.36,11.47,11.25,11.41,793426,0
20080604,11.36,11.67,11.33,11.62,519702,0
20080605,11.63,11.83,11.32,11.83,316190,0
20080606,11.77,11.96,11.65,11.73,191089,0
20080609,11.72,11.9,11.51,11.53,123284,0
20080610,11.47,11.83,11.3,11.74,119944,0
20080611,11.68,11.68,11.27,11.27,116498,0
20080612,11.34,11.64,11.21,11.26,71757,0
20080613,11.35,11.5,11.17,11.31,124318,0
20080616,11.29,11.64,11.15,11.49,144751,0
20080617,11.48,11.62,11.29,11.29,99164,0
20080618,11.22,11.51,11.07,11.1,99411,0
20080619,11.09,11.27,10.88,11.05,155660,0
20080620,11.01,11.26,10.76,11.08,274867,0
20080623,11.11,11.24,10.95,11.19,258242,0
20080624,11.1,11.46,11,11,110249,0
20080625,11.01,11.4,11.01,11.24,100205,0
20080626,11.1,11.16,10.88,10.92,100589,0
20080627,11,11.82,10.8,11.61,1526985,0
20080630,11.57,11.59,11.05,11.07,184037,0
20080701,10.95,11.44,10.95,11.37,266907,0
20080702,11.38,11.38,10.81,10.89,224135,0
20080703,10.89,11.11,10.67,10.75,108484,0
20080707,10.79,11.82,10.79,11.28,414532,0
20080708,11.32,11.65,10.97,11.61,286001,0
20080709,11.61,11.7,11.26,11.3,129435,0
20080710,11.18,11.65,11.01,11.5,132921,0
20080711,11.38,11.64,11.25,11.5,151875,0
20080714,11.56,11.62,11.22,11.35,216237,0
20080715,11.22,11.61,11.03,11.47,236448,0
20080716,11.49,11.75,11.25,11.73,257647,0
20080717,11.7,11.75,11.51,11.72,256450,0
20080718,11.67,12,11.62,11.98,278618,0
20080721,11.95,11.99,11.65,11.84,140993,0
20080722,11.82,12.08,11.37,12.03,277968,0
20080723,11.99,12.25,11.83,12.22,254071,0
20080724,12.23,12.26,12.12,12.25,182219,0
20080725,12.25,12.28,11.98,12.07,184497,0
20080728,12.02,12.25,11.94,12.03,128289,0
20080729,12.05,12.23,11.95,12.2,132095,0
20080730,12.23,12.25,12.09,12.19,130271,0
20080731,12.01,12.25,11.65,11.98,179584,0
20080801,11.78,12.06,11.4,11.99,221289,0
20080804,11.96,12.07,11.65,11.93,143940,0
20080805,11.98,12.07,11.62,11.98,166959,0
20080806,12,12,11.79,11.86,116158,0
20080807,11.75,11.75,11.3,11.35,153294,0
20080808,11.31,11.82,11.21,11.79,135299,0
20080811,11.75,12.06,11.41,12.06,157733,0
20080812,12,12.04,11.77,12,105492,0
20080813,11.94,12.08,11.85,12.04,356130,0
20080814,11.96,12.14,11.96,12.1,71743,0
20080815,12.24,12.25,12,12.12,123004,0
20080818,12.09,12.15,11.8,11.99,162079,0
20080819,11.91,11.91,11.69,11.73,112710,0
20080820,11.75,12,11.5,11.75,95291,0
20080821,11.63,11.63,11.35,11.41,102804,0
20080822,11.58,11.86,11.53,11.8,85263,0
20080825,11.71,11.71,11.47,11.52,45936,0
20080826,11.49,11.58,11.33,11.5,102056,0
20080827,11.51,11.55,11.37,11.49,106322,0
20080828,11.5,11.69,11.45,11.6,100778,0
20080829,11.51,11.68,11.35,11.6,64268,0
20080902,11.81,11.97,11.38,11.55,44693,0
20080903,11.51,12.01,11.51,11.99,122797,0
20080904,11.86,11.86,11.55,11.65,131232,0
20080905,11.66,11.99,11.6,11.93,87292,0
20080908,12.03,12.1,11.58,12.08,101845,0
20080909,12.01,12.1,11.76,11.95,87440,0
20080910,12.12,12.12,11.83,11.96,122284,0
20080911,11.96,12.05,11.55,11.97,138544,0
20080912,11.78,12.05,11.67,12.05,44262,0
20080915,11.99,12.05,11.66,11.71,91236,0
20080916,11.6,12.12,11.54,12.12,146346,0
20080917,12.09,12.09,11.54,11.58,102088,0
20080918,11.56,12.25,11.52,12.25,286334,0
20080919,13.64,14.64,12,12.55,594061,0
20080922,12.27,12.29,12,12.24,46794,0
20080923,12.5,12.5,12.07,12.16,57747,0
20080924,12.7,12.75,12.16,12.25,108612,0
20080925,12.55,12.55,12.11,12.33,56450,0
20080926,12.11,12.6,12.11,12.58,108882,0
20080929,12.26,12.45,11.6,11.77,121065,0
20080930,11.8,12.65,11.8,12.65,118913,0
20081001,12.65,12.65,11.89,12.35,43507,0
20081002,12.25,12.47,12.2,12.25,48591,0
20081003,12.25,12.5,12.25,12.26,54424,0
20081006,12.08,12.5,12,12.25,147136,0
20081007,11.98,12.49,11.95,11.95,127157,0
20081008,11.9,12.25,11.5,11.73,197168,0
20081009,12,12.05,9.68,9.68,226219,0
20081010,9.5,11.25,9.02,11.01,282714,0
20081013,11.84,11.84,10.5,11.82,170690,0
20081014,11.99,12,11.52,11.79,163720,0
20081015,11.51,11.99,11.08,11.1,141759,0
20081016,11.26,12,11.2,12,177763,0
20081017,11.65,12.12,9.7,11.5,189170,0
20081020,11.67,12,11.29,12,73871,0
20081021,11.71,12,11.37,11.6,120582,0
20081022,11.51,11.98,11.51,11.62,86210,0
20081023,11.72,11.97,11.16,11.53,87974,0
20081024,11.13,11.75,10.43,11.55,55957,0
20081027,11.42,11.78,10.75,10.79,67765,0
20081028,11.24,11.75,10.35,11.7,155318,0
20081029,11.75,11.75,10.88,11.43,104332,0
20081030,11.8,11.8,11.26,11.64,85239,0
20081031,11.68,12.15,11.31,11.85,248194,0
20081103,11.75,11.99,11.52,11.89,80773,0
20081104,12,12.02,11.46,11.92,122085,0
20081105,11.71,11.95,11.51,11.59,105393,0
20081106,11.4,11.73,11.37,11.44,63896,0
20081107,11.58,11.85,11.42,11.8,89381,0
20081110,12,12,11.37,11.49,39156,0
20081111,11.36,11.8,11.3,11.3,90433,0
20081112,11.06,11.84,11.06,11.28,92274,0
20081113,11.43,11.85,10.73,11.85,140320,0
20081114,11.59,11.8,10.69,11.11,152845,0
20081117,11,11.2,10.95,11.01,43437,0
20081118,11.1,11.52,10.9,11.51,169732,0
20081119,11.36,11.43,10.9,10.91,96116,0
20081120,10.79,11.31,10.28,10.29,133214,0
20081121,10.71,11.36,9.82,11.3,142100,0
20081124,11.35,11.75,10.95,11.6,137024,0
20081125,11.84,11.84,11.08,11.77,137021,0
20081126,11.51,11.77,11.51,11.7,130295,0
20081128,11.6,11.75,11.47,11.75,28966,0
20081201,11.48,11.75,10.71,10.79,135629,0
20081202,11.05,11.59,10.9,11.18,244468,0
20081203,10.86,11.54,10.75,11.06,238044,0
20081204,10.91,11.1,10.63,10.82,214202,0
20081205,10.6,11.19,10.43,10.95,181756,0
20081208,11.23,11.6,10.96,11.51,175964,0
20081209,11.37,11.65,11,11.07,174540,0
20081210,11.23,11.49,10.99,11.02,97046,0
20081211,10.87,11.32,10.86,10.92,89557,0
20081212,10.7,11.63,10.69,11.5,158013,0
20081215,11.4,11.45,10.8,11.2,91154,0
20081216,11.15,11.5,11.14,11.4,213052,0
20081217,11.24,11.44,11.07,11.19,147242,0
20081218,11.24,11.55,11.13,11.4,185607,0
20081219,11.46,11.74,11.05,11.22,288791,0
20081222,11.25,11.25,10.7,11.12,67299,0
20081223,11.23,11.54,11.04,11.2,41580,0
20081224,11.24,11.24,10.51,11.13,16112,0
20081226,11.15,11.25,10.79,11.25,23137,0
20081229,11.25,11.25,10.77,10.97,55186,0
20081230,11.12,11.17,10.69,11.17,67615,0
20081231,11.14,11.47,11.06,11.25,182783,0
20090102,11.25,11.29,11.05,11.25,72120,0
20090105,11.23,11.25,10.89,11.15,68295,0
20090106,11.15,11.3,11.03,11.1,129920,0
20090107,10.89,11,10.69,10.77,63325,0
20090108,10.78,11.02,10.78,11,81669,0
20090109,10.95,10.95,10.37,10.41,89412,0
20090112,10.39,10.74,10.39,10.51,64045,0
20090113,10.46,10.72,10.46,10.66,63410,0
20090114,10.49,10.69,10.3,10.31,57050,0
20090115,10.33,10.5,10.09,10.46,75440,0
20090116,10.45,10.61,10.26,10.56,100762,0
20090120,10.45,10.45,9.79,9.8,93137,0
20090121,9.97,10.04,9.34,9.98,162310,0
20090122,9.6,9.84,9.42,9.64,83844,0
20090123,9.36,9.65,9.3,9.59,87384,0
20090126,9.63,9.83,9.46,9.71,63834,0
20090127,9.71,9.9,9.61,9.84,71229,0
20090128,9.97,10.07,9.78,10.06,138178,0
20090129,9.97,10.25,9.79,9.79,118537,0
20090130,9.78,9.99,9.45,9.58,174750,0
20090202,9.48,10.19,9.37,10.19,309679,0
20090203,10.22,10.36,9.79,9.79,270436,0
20090204,9.77,10.12,9.55,9.55,160408,0
20090205,9.51,9.8,9.51,9.73,196064,0
20090206,9.71,10,9.69,9.95,126889,0
20090209,9.9,10.09,9.84,9.92,119359,0
20090210,9.85,9.9,9.49,9.51,154208,0
20090211,9.59,9.71,9.5,9.67,70693,0
20090212,9.54,9.7,9.38,9.66,88524,0
20090213,9.67,9.8,9.48,9.72,204418,0
20090217,9.43,9.65,9.24,9.24,108205,0
20090218,9.3,9.48,9.07,9.08,92535,0
20090219,9.09,9.14,8.67,8.8,163867,0
20090220,8.63,8.92,8.51,8.72,150170,0
20090223,8.72,8.72,8.45,8.46,118476,0
20090224,8.54,8.95,8.43,8.92,154510,0
20090225,8.88,9.06,8.55,8.84,149268,0
20090226,8.89,9.03,8.73,9,221754,0
20090227,8.89,9.17,8.8,9,201295,0
20090302,8.88,9.18,8.8,9,253824,0
20090303,9.05,9.13,8.75,8.85,290204,0
20090304,8.99,9.19,8.91,9.07,208093,0
20090305,8.91,9.03,8.74,8.74,220839,0
20090306,8.82,8.82,8.37,8.54,214748,0
20090309,8.52,8.75,8.31,8.35,167871,0
20090310,8.53,8.95,8.53,8.89,152075,0
20090311,8.99,9.04,8.7,8.71,164622,0
20090312,8.71,9.62,8.62,9.59,127963,0
20090313,9.61,9.68,9.35,9.42,135622,0
20090316,9.54,9.73,9.07,9.11,109452,0
20090317,9.13,9.71,9.13,9.71,105664,0
20090318,9.69,10.05,9.68,10.02,188784,0
20090319,10.15,10.2,9.73,9.92,76644,0
20090320,10.02,10.09,9.62,9.64,119153,0
20090323,9.93,10.37,9.9,10.37,145776,0
20090324,10.19,10.47,9.74,9.74,172502,0
20090325,9.85,10.17,9.63,10.15,154677,0
20090326,10.25,10.32,9.92,10.19,141945,0
20090327,10.03,10.15,9.81,9.82,139984,0
20090330,9.59,9.77,9.53,9.68,96469,0
20090331,9.83,10.14,9.54,9.85,147982,0
20090401,9.7,10.16,9.62,10.03,139006,0
20090402,10.19,10.35,9.86,10.08,157352,0
20090403,10.03,10.03,9.87,10.02,91927,0
20090406,9.92,9.99,9.61,9.82,101070,0
20090407,9.71,10,9.66,9.79,121241,0
20090408,9.89,9.99,9.53,9.98,114463,0
20090409,10.06,10.24,9.96,10.24,189324,0
20090413,10.1,10.4,9.88,10.37,124696,0
20090414,10.18,10.37,9.65,9.66,130209,0
20090415,9.64,9.79,9.56,9.75,109330,0
20090416,9.89,10.17,9.75,10.06,87548,0
20090417,10.11,10.24,9.82,10.15,90514,0
20090420,9.91,10.1,9.43,9.46,107976,0
20090421,9.45,9.99,9.38,9.98,109531,0
20090422,9.82,10.15,9.8,9.86,99024,0
20090423,9.9,9.9,9.38,9.53,127563,0
20090424,9.62,10.12,9.51,10.03,137903,0
20090427,9.82,10.13,9.55,10.08,163853,0
20090428,10.03,10.25,9.93,10.07,86879,0
20090429,10.13,10.45,10.03,10.25,130045,0
20090430,10.37,10.37,10,10.06,138791,0
20090501,10.07,10.13,9.5,9.55,132765,0
20090504,9.67,10.03,9.44,9.96,111213,0
20090505,9.88,9.88,9.48,9.62,143883,0
20090506,9.76,9.86,9.45,9.7,96112,0
20090507,9.8,9.95,9.45,9.54,95861,0
20090508,9.72,10.04,9.66,9.97,89419,0
20090511,9.79,9.99,9.64,9.92,89765,0
20090512,9.97,10.01,9.54,9.7,125921,0
20090513,9.56,9.65,9.13,9.14,137358,0
20090514,9.21,9.41,9.13,9.27,115204,0
20090515,9.32,9.32,8.98,9.04,88421,0
20090518,9.17,9.34,9,9.33,111173,0
20090519,9.25,9.25,8.8,8.82,101739,0
20090520,9,9.11,8.64,8.69,114366,0
20090521,8.91,9.02,8.7,8.75,166582,0
20090522,8.89,8.93,8.71,8.72,151335,0
20090526,8.66,9.33,8.66,9.24,161274,0
20090527,9.15,9.25,8.7,8.95,129042,0
20090528,9.05,9.36,8.82,9.16,89393,0
20090529,9.22,9.57,9.05,9.56,123484,0
20090601,9.81,10.2,9.81,10.13,302782,0
20090602,10.05,11.02,10.05,10.88,585458,0
20090603,10.84,10.95,10.38,10.7,165840,0
20090604,10.55,10.75,10.5,10.75,90586,0
20090605,10.74,10.74,10.29,10.43,57472,0
20090608,10.4,10.48,10.24,10.29,60644,0
20090609,10.35,10.42,10.24,10.25,118586,0
20090610,10.35,10.35,9.69,9.82,128851,0
20090611,9.9,10.18,9.9,9.92,64720,0
20090612,9.87,9.95,9.59,9.95,75928,0
20090615,9.76,9.76,9.35,9.5,210188,0
20090616,9.61,9.66,9.37,9.4,79979,0
20090617,9.43,9.53,9.36,9.37,62673,0
20090618,9.36,9.54,9.36,9.4,64736,0
20090619,9.55,9.57,9.21,9.32,164296,0
20090622,9.25,9.5,9.25,9.26,102586,0
20090623,9.36,9.52,9.28,9.36,99425,0
20090624,9.46,9.48,9.21,9.24,80022,0
20090625,9.19,9.62,9.14,9.6,114002,0
20090626,9.51,9.94,9.34,9.85,258437,0
20090629,9.86,9.91,9.6,9.72,70833,0
20090630,9.76,9.85,9.59,9.6,76446,0
20090701,9.7,10.08,9.45,9.69,113918,0
20090702,9.56,9.68,9.38,9.43,124542,0
20090706,9.42,9.68,9.38,9.49,93608,0
20090707,9.54,9.72,9.15,9.25,147088,0
20090708,9.32,9.55,9.09,9.28,86428,0
20090709,9.37,9.5,9.19,9.19,74654,0
20090710,9.16,9.35,9.13,9.33,54743,0
20090713,9.49,9.95,9.21,9.79,130126,0
20090714,9.68,9.91,9.6,9.61,136175,0
20090715,9.73,9.95,9.52,9.94,95985,0
20090716,9.86,9.95,9.65,9.91,54613,0
20090717,9.95,9.95,9.57,9.68,110158,0
20090720,9.76,9.76,9.5,9.64,113030,0
20090721,9.68,9.68,9.17,9.18,96660,0
20090722,9.11,9.46,9.11,9.21,57719,0
20090723,9.19,9.35,9.18,9.22,164477,0
20090724,9.13,9.5,9.12,9.38,116934,0
20090727,9.32,9.33,8.73,8.75,207546,0
20090728,8.72,8.84,8.6,8.81,156121,0
20090729,8.78,9,8.7,8.91,101455,0
20090730,9,9.19,8.79,9.04,145240,0
20090731,9,9.2,8.93,8.93,94534,0
20090803,8.98,9.1,8.82,9,59685,0
20090804,8.95,9.31,8.95,9.06,94849,0
20090805,9.07,9.19,8.79,8.88,101623,0
20090806,8.94,8.95,8.73,8.74,119154,0
20090807,8.89,9.02,8.75,8.95,251204,0
20090810,8.91,9.22,8.91,9.22,70311,0
20090811,9.2,9.41,9.01,9.09,118399,0
20090812,9.13,9.47,9.1,9.41,149806,0
20090813,9.52,9.6,9.25,9.41,72968,0
20090814,9.42,9.48,9.1,9.26,92778,0
20090817,9.13,9.23,8.96,9.03,180566,0
20090818,9.11,9.31,9.02,9.06,88173,0
20090819,9.03,9.17,8.96,9.06,41634,0
20090820,9.07,9.13,8.93,9.09,78631,0
20090821,9.22,9.42,9.01,9.16,224387,0
20090824,9.15,9.25,9.05,9.09,26942,0
20090825,9.16,9.28,9.02,9.07,45603,0
20090826,9.03,9.29,9,9.1,76172,0
20090827,9.06,9.1,8.95,9.05,58732,0
20090828,9.11,9.11,8.92,9.01,61501,0
20090831,8.93,9.15,8.87,8.89,110782,0
20090901,8.8,8.92,8.66,8.76,297152,0
20090902,8.76,8.85,8.75,8.83,362863,0
20090903,8.85,9.03,8.8,8.95,91189,0
20090904,8.95,9.19,8.85,9.03,74209,0
20090908,9.07,9.11,8.93,9.09,63954,0
20090909,9.06,9.16,9.02,9.11,48741,0
20090910,9.1,9.31,9.09,9.24,47265,0
20090911,8.95,9.39,8.93,9.2,70825,0
20090914,9.13,9.4,9.13,9.33,81031,0
20090915,9.28,9.44,9.28,9.35,223708,0
20090916,9.35,9.41,9.2,9.35,114152,0
20090917,9.36,9.36,9.27,9.35,25118,0
20090918,9.35,9.37,9.22,9.3,213035,0
20090921,9.26,9.31,9.11,9.2,63933,0
20090922,9.29,9.34,9.15,9.27,48535,0
20090923,9.26,9.32,9.1,9.11,194990,0
20090924,9.12,9.18,9,9.03,71407,0
20090925,9.03,9.19,9,9.11,101569,0
20090928,9.13,9.2,9.13,9.15,82752,0
20090929,9.13,9.2,9.07,9.07,355691,0
20090930,9.1,9.3,9.01,9.12,113125,0
20091001,9.09,9.16,9,9.02,79433,0
20091002,8.94,9.13,8.94,9,72471,0
20091005,9.05,9.09,8.91,9.07,87879,0
20091006,9.1,9.15,9,9.15,157083,0
20091007,9.08,9.16,9.05,9.11,91638,0
20091008,9.14,9.25,9.06,9.11,90003,0
20091009,9.12,9.45,9.12,9.44,149521,0
20091012,9.44,9.67,9.33,9.52,187134,0
20091013,9.49,9.62,9.38,9.62,117734,0
20091014,9.62,9.69,9.52,9.62,135925,0
20091015,9.58,9.63,9.45,9.47,58922,0
20091016,9.43,9.61,9.35,9.5,83965,0
20091019,9.56,9.66,9.47,9.57,81414,0
20091020,9.63,9.78,9.44,9.47,130395,0
20091021,9.42,9.68,9.2,9.24,147605,0
20091022,9.25,9.5,9.21,9.38,69867,0
20091023,9.38,9.54,9.33,9.37,79933,0
20091026,9.47,9.55,9.28,9.36,90370,0
20091027,9.41,9.53,9.33,9.36,61237,0
20091028,9.37,9.5,9.22,9.24,126960,0
20091029,9.3,9.5,9.21,9.42,72728,0
20091030,9.34,9.45,9.22,9.25,201331,0
20091102,9.28,9.49,9.09,9.22,90907,0
20091103,9.14,9.43,9.14,9.34,130235,0
20091104,9.35,9.4,9.19,9.2,115492,0
20091105,9.28,9.41,9.19,9.32,78258,0
20091106,9.23,9.37,9.15,9.27,93996,0
20091109,9.38,9.61,9.36,9.41,89560,0
20091110,9.35,9.56,9.33,9.35,74625,0
20091111,9.41,9.57,9.4,9.52,107479,0
20091112,9.53,9.63,9.42,9.46,103474,0
20091113,9.52,9.58,9.35,9.47,61344,0
20091116,9.49,9.79,9.49,9.58,113491,0
20091117,9.57,9.79,9.57,9.77,87861,0
20091118,9.77,9.8,9.57,9.62,64724,0
20091119,9.57,9.6,9.35,9.41,66733,0
20091120,9.37,9.51,9.3,9.48,86887,0
20091123,9.64,9.8,9.62,9.7,138180,0
20091124,9.7,9.7,9.53,9.6,61876,0
20091125,9.6,9.6,9.5,9.5,59457,0
20091127,9.32,9.5,9.26,9.26,66697,0
20091130,9.25,9.31,9.16,9.3,228129,0
20091201,9.41,9.5,9.25,9.47,99961,0
20091202,9.44,9.6,9.44,9.5,185109,0
20091203,9.5,9.59,9.34,9.37,155966,0
20091204,9.53,9.7,9.46,9.64,80844,0
20091207,9.61,9.64,9.37,9.59,119660,0
20091208,9.51,9.64,9.37,9.43,55242,0
20091209,9.47,9.61,9.38,9.53,133337,0
20091210,9.58,9.73,9.4,9.48,71144,0
20091211,9.5,9.74,9.5,9.6,152938,0
20091214,9.68,9.68,9.53,9.62,70022,0
20091215,9.59,9.7,9.52,9.58,78857,0
20091216,9.65,9.7,9.49,9.61,64925,0
20091217,9.54,9.68,9.38,9.53,74331,0
20091218,9.62,9.83,9.47,9.82,491405,0
20091221,9.86,9.91,9.59,9.86,92203,0
20091222,9.89,9.89,9.61,9.81,98508,0
20091223,9.84,9.94,9.71,9.88,74749,0
20091224,9.91,9.92,9.81,9.85,24026,0
20091228,9.91,9.91,9.75,9.88,64351,0
20091229,9.91,9.92,9.82,9.88,55790,0
20091230,9.82,9.92,9.73,9.92,80142,0
20091231,9.9,9.96,9.71,9.84,126830,0
20100104,9.97,9.98,9.8,9.92,85010,0
20100105,9.94,9.97,9.73,9.8,84628,0
20100106,9.76,9.8,9.63,9.71,91431,0
20100107,9.69,9.95,9.65,9.81,50479,0
20100108,9.75,9.86,9.69,9.81,102244,0
20100111,9.86,9.86,9.39,9.46,78202,0
20100112,9.4,9.59,9.34,9.42,30836,0
20100113,9.43,9.51,9.33,9.45,38658,0
20100114,9.45,9.55,9.41,9.44,29377,0
20100115,9.5,9.5,9.22,9.33,77700,0
20100119,9.37,9.5,9.26,9.49,37035,0
20100120,9.39,9.45,9.12,9.32,63548,0
20100121,9.35,9.35,9.02,9.17,94102,0
20100122,9.17,9.25,9.05,9.06,40405,0
20100125,9.08,9.08,9,9.02,35267,0
20100126,9,9.07,8.93,8.93,39688,0
20100127,8.88,9.17,8.88,9.09,50301,0
20100128,9.11,9.18,8.98,9.01,61215,0
20100129,9.02,9.1,8.99,9.01,57286,0
20100201,9.02,9.08,8.93,8.97,57390,0
20100202,8.95,9,8.86,8.99,122894,0
20100203,8.97,9.18,8.97,9.1,99721,0
20100204,9.06,9.1,9.02,9.06,121108,0
20100205,9.06,9.18,9.01,9.12,94226,0
20100208,9.11,9.17,8.93,9.11,97863,0
20100209,9.2,9.21,9.09,9.14,36748,0
20100210,9.08,9.22,9.02,9.21,52931,0
20100211,9.15,9.3,9.07,9.3,71052,0
20100212,9.18,9.29,9.08,9.23,48601,0
20100216,9.31,9.32,9.15,9.3,40017,0
20100217,9.34,9.34,9.07,9.26,42256,0
20100218,9.22,9.29,9.19,9.27,33725,0
20100219,9.27,9.45,9.24,9.37,86115,0
20100222,9.41,9.49,9.23,9.48,57967,0
20100223,9.47,9.52,9.36,9.44,91143,0
20100224,9.47,9.56,9.29,9.46,58773,0
20100225,9.34,9.47,9.2,9.47,26156,0
20100226,9.45,9.45,9.34,9.39,63585,0
20100301,9.45,9.58,9.36,9.48,85927,0
20100302,9.5,9.59,9.38,9.57,54101,0
20100303,9.54,9.61,9.42,9.48,70541,0
20100304,9.52,9.59,9.23,9.45,41994,0
20100305,9.47,9.7,9.4,9.7,73810,0
20100308,9.68,9.69,9.57,9.67,61215,0
20100309,9.61,9.77,9.61,9.69,78212,0
20100310,9.66,9.82,9.66,9.74,38247,0
20100311,9.67,9.85,9.67,9.82,87471,0
20100312,9.83,9.84,9.7,9.76,39696,0
20100315,9.73,9.78,9.6,9.69,52132,0
20100316,9.7,9.76,9.67,9.71,50208,0
20100317,9.75,9.86,9.69,9.75,48227,0
20100318,9.6,9.8,9.6,9.63,31047,0
20100319,9.67,9.67,9.49,9.59,145106,0
20100322,9.51,9.68,9.48,9.66,51323,0
20100323,9.52,9.65,9.51,9.61,59794,0
20100324,9.6,9.65,9.43,9.45,64735,0
20100325,9.49,9.62,9.36,9.4,43200,0
20100326,9.41,9.52,9.36,9.46,57450,0
20100329,9.44,9.58,9.43,9.47,125905,0
20100330,9.52,9.54,9.42,9.47,116892,0
20100331,9.41,9.59,9.41,9.48,138451,0
20100401,9.51,9.52,9.32,9.42,25945,0
20100405,9.5,9.82,9.33,9.82,149522,0
20100406,9.74,9.83,9.69,9.74,59858,0
20100407,9.68,9.79,9.58,9.73,91725,0
20100408,9.67,9.9,9.67,9.83,50499,0
20100409,9.8,9.85,9.75,9.82,44464,0
20100412,9.81,9.82,9.75,9.79,59170,0
20100413,9.75,9.9,9.75,9.89,78038,0
20100414,9.93,10.09,9.85,10,111622,0
20100415,10,10.09,9.83,10.09,100698,0
20100416,10.09,10.09,9.92,9.96,127903,0
20100419,9.89,9.98,9.77,9.83,51325,0
20100420,9.84,9.93,9.75,9.9,63250,0
20100421,9.87,9.89,9.77,9.87,69460,0
20100422,9.78,10.05,9.76,10,150881,0
20100423,9.96,10.01,9.88,10.01,145963,0
20100426,10,10.08,9.95,9.98,192084,0
20100427,9.92,10.08,9.91,10.01,97679,0
20100428,10.04,10.06,9.82,9.87,55651,0
20100429,9.95,10.2,9.84,10.2,94912,0
20100430,10.17,10.17,9.74,9.91,121892,0
20100503,10.15,10.45,10.15,10.41,267288,0
20100504,10.29,10.45,10.15,10.29,172087,0
20100505,10.23,10.45,10.22,10.41,148262,0
20100506,10.37,10.43,9.8,10.1,125359,0
20100507,10.02,10.14,9.86,9.95,200433,0
20100510,10.22,10.44,10.05,10.44,161041,0
20100511,10.3,10.55,10.3,10.51,133827,0
20100512,10.55,10.75,10.18,10.74,119871,0
20100513,10.74,10.74,10.59,10.7,114845,0
20100514,10.59,10.95,10.52,10.9,203203,0
20100517,10.95,10.96,10.8,10.92,134350,0
20100518,10.98,11.05,10.72,10.75,247785,0
20100519,10.76,10.97,10.71,10.75,135641,0
20100520,10.54,10.6,10.18,10.3,152386,0
20100521,10.2,10.49,10.18,10.47,153204,0
20100524,10.49,10.49,10.09,10.13,77168,0
20100525,10.01,10.28,10.01,10.15,187867,0
20100526,10.2,10.29,10.08,10.13,121733,0
20100527,10.33,10.4,10.14,10.37,123713,0
20100528,10.31,10.42,10.23,10.31,119988,0
20100601,10.22,10.35,10.12,10.13,116447,0
20100602,10.2,10.36,10.07,10.36,117975,0
20100603,10.3,10.37,10.07,10.23,144903,0
20100604,10,10.18,9.91,9.94,163863,0
20100607,9.98,10.13,9.97,10.02,99933,0
20100608,10.06,10.08,9.8,9.98,111149,0
20100609,10.09,10.12,9.99,10.06,108726,0
20100610,10.22,10.24,10,10.13,98156,0
20100611,10.01,10.27,10.01,10.25,85788,0
20100614,10.36,10.52,10.23,10.3,107245,0
20100615,10.37,10.42,10.1,10.38,99693,0
20100616,10.28,10.46,10.14,10.34,76191,0
20100617,10.38,10.38,10.26,10.34,67356,0
20100618,10.37,10.45,10.29,10.4,215845,0
20100621,10.53,10.55,10.25,10.33,86065,0
20100622,10.39,10.46,10.23,10.24,64708,0
20100623,10.24,10.35,10.19,10.23,46278,0
20100624,10.14,10.23,10.06,10.09,67319,0
20100625,10.16,10.32,9.98,10.24,309679,0
20100628,10.22,10.22,10,10.14,60408,0
20100629,9.99,10.11,9.95,10.01,138840,0
20100630,10,10.21,9.88,9.88,206098,0
20100701,9.89,10.2,9.82,10.02,120289,0
20100702,10.06,10.1,9.88,9.9,65212,0
20100706,10.05,10.16,9.95,10,113984,0
20100707,10.06,10.1,9.99,10.09,122854,0
20100708,10.18,10.18,9.95,10,186567,0
20100709,10,10.05,9.95,9.99,128545,0
20100712,9.96,10.08,9.9,9.94,78721,0
20100713,10.07,10.39,10.04,10.34,129105,0
20100714,10.33,10.33,10.17,10.22,55449,0
20100715,10.2,10.24,9.98,10.1,64228,0
20100716,10.01,10.04,9.77,9.78,135739,0
20100719,9.84,9.88,9.73,9.85,83404,0
20100720,9.72,10.03,9.6,10.02,70066,0
20100721,10.1,10.1,9.72,9.72,76666,0
20100722,9.87,10.05,9.84,10.04,78882,0
20100723,9.96,10.31,9.85,10.26,87631,0
20100726,10.31,10.39,10.15,10.3,119211,0
20100727,10.38,10.47,10.33,10.39,118436,0
20100728,10.4,10.45,10.18,10.23,51754,0
20100729,10.33,10.35,10.11,10.26,39735,0
20100730,10.13,10.26,10.07,10.09,59586,0
20100802,10.24,10.28,10,10.17,85924,0
20100803,10.12,10.32,10.05,10.08,84647,0
20100804,10.12,10.2,10,10.01,55113,0
20100805,9.99,10.03,9.96,9.98,86582,0
20100806,9.87,10.01,9.86,9.97,83440,0
20100809,10.01,10.11,9.95,9.98,95647,0
20100810,9.95,9.99,9.77,9.77,88595,0
20100811,9.69,9.69,9.17,9.32,167380,0
20100812,9.27,9.39,9.17,9.19,96814,0
20100813,9.16,9.18,8.85,8.88,100309,0
20100816,8.86,8.91,8.63,8.69,82935,0
20100817,8.76,8.85,8.62,8.79,193712,0
20100818,8.75,8.83,8.58,8.79,139178,0
20100819,8.73,8.81,8.47,8.52,110265,0
20100820,8.47,8.64,8.47,8.63,115055,0
20100823,8.69,8.71,8.49,8.51,91999,0
20100824,8.41,8.53,8.3,8.3,103187,0
20100825,8.26,8.5,8.17,8.45,117614,0
20100826,8.51,8.58,8.41,8.41,75253,0
20100827,8.51,8.61,8.4,8.6,81113,0
20100830,8.56,8.58,8.34,8.36,102110,0
20100831,8.37,8.44,8.15,8.34,130715,0
20100901,8.44,8.7,8.41,8.66,162061,0
20100902,8.61,8.61,8.44,8.48,131018,0
20100903,8.61,8.7,8.54,8.7,72313,0
20100907,8.69,8.7,8.6,8.63,102463,0
20100908,8.67,8.71,8.61,8.67,86759,0
20100909,8.76,8.78,8.66,8.75,75538,0
20100910,8.75,8.79,8.7,8.77,109307,0
20100913,8.78,9.05,8.77,9.01,161243,0
20100914,9.01,9.01,8.92,8.97,92481,0
20100915,8.96,9.03,8.93,8.95,85100,0
20100916,8.91,8.98,8.76,8.88,68368,0
20100917,9,9.15,8.9,9.05,153567,0
20100920,9.04,9.4,9,9.36,97184,0
20100921,9.34,9.34,9.13,9.13,68547,0
20100922,9.09,9.18,8.99,9.01,50439,0
20100923,8.92,9.1,8.92,8.99,86686,0
20100924,9.11,9.26,9.1,9.23,78507,0
20100927,9.25,9.25,9.06,9.09,170231,0
20100928,9.09,9.13,8.94,9,110636,0
20100929,9,9.03,8.94,8.99,139065,0
20100930,9.08,9.08,8.93,8.97,127717,0
20101001,9.06,9.06,8.93,9,44247,0
20101004,9,9,8.78,8.88,77168,0
20101005,9,9.24,8.91,9.14,117107,0
20101006,9.14,9.23,9.1,9.19,59268,0
20101007,9.14,9.22,8.96,9,65999,0
20101008,8.99,9.11,8.95,9.05,74426,0
20101011,9.02,9.05,8.98,9,24213,0
20101012,8.99,9.08,8.89,9.06,31508,0
20101013,9.08,9.18,8.96,9.1,89049,0
20101014,9.06,9.11,8.98,8.99,100610,0
20101015,9.11,9.11,8.97,8.98,199119,0
20101018,9,9.08,8.96,9.02,111451,0
20101019,8.93,9.03,8.83,8.9,102763,0
20101020,8.97,8.97,8.82,8.91,72591,0
20101021,8.97,9.04,8.71,8.72,118420,0
20101022,8.33,8.46,7.8,7.82,396895,0
20101025,7.81,7.86,7.44,7.67,361302,0
20101026,7.63,7.73,7.53,7.56,196443,0
20101027,7.54,7.65,7.4,7.44,230513,0
20101028,7.52,7.53,7.2,7.29,467110,0
20101029,7.26,7.37,7.25,7.34,239557,0
20101101,7.39,7.41,7.15,7.23,298330,0
20101102,7.33,7.34,7.2,7.33,292257,0
20101103,7.36,7.47,7.29,7.45,335325,0
20101104,7.56,7.73,7.49,7.71,295062,0
20101105,7.74,7.78,7.69,7.71,202279,0
20101108,7.72,7.79,7.65,7.77,224012,0
20101109,7.77,7.8,7.61,7.63,114729,0
20101110,7.64,7.84,7.64,7.81,132638,0
20101111,7.73,7.79,7.64,7.71,110599,0
20101112,7.62,7.72,7.53,7.66,123645,0
20101115,7.72,7.76,7.66,7.7,90471,0
20101116,7.62,7.71,7.47,7.54,134549,0
20101117,7.58,7.58,7.32,7.36,99368,0
20101118,7.46,7.79,7.46,7.74,152351,0
20101119,7.73,7.73,7.55,7.63,130729,0
20101122,7.57,7.64,7.32,7.55,91215,0
20101123,7.45,7.7,7.35,7.66,113930,0
20101124,7.75,7.98,7.68,7.82,136174,0
20101126,7.76,7.89,7.76,7.83,29647,0
20101129,7.76,7.97,7.64,7.89,57864,0
20101130,7.79,7.92,7.75,7.77,117402,0
20101201,7.82,7.92,7.77,7.91,140697,0
20101202,7.94,8.02,7.9,8.01,94628,0
20101203,8.01,8.01,7.84,7.87,155535,0
20101206,7.84,7.92,7.82,7.88,36541,0
20101207,7.95,8.1,7.88,8.07,61214,0
20101208,8.11,8.16,8.09,8.1,38704,0
20101209,8.16,8.21,7.9,8.18,69006,0
20101210,8.15,8.31,8.05,8.29,47613,0
20101213,8.29,8.29,8.16,8.18,34949,0
20101214,8.23,8.35,8.16,8.23,61250,0
20101215,8.31,8.42,8.18,8.38,108212,0
20101216,8.35,8.39,8.23,8.27,72352,0
20101217,8.28,8.29,8.04,8.08,122145,0
20101220,8.17,8.22,8.05,8.08,69149,0
20101221,8.1,8.36,8.1,8.33,55311,0
20101222,8.3,8.43,8.09,8.28,138697,0
20101223,8.28,8.39,8.19,8.39,40802,0
20101227,8.38,8.39,8.2,8.36,30382,0
20101228,8.35,8.73,8.27,8.72,230554,0
20101229,8.73,8.74,8.6,8.66,65827,0
20101230,8.7,9,8.66,8.96,81147,0
20101231,8.88,8.98,8.83,8.83,104577,0
20110103,8.96,9.12,8.82,9.09,160021,0
20110104,8.75,9.14,8.75,9.08,157322,0
20110105,9.05,9.17,9.05,9.16,44171,0
20110106,9.13,9.13,9.07,9.12,120694,0
20110107,9.11,9.15,9.01,9.1,82647,0
20110110,9.03,9.1,9,9.06,103935,0
20110111,9.11,9.16,9.03,9.13,135899,0
20110112,9.18,9.25,9.08,9.2,135313,0
20110113,9.16,9.27,9.09,9.12,121513,0
20110114,9.16,9.27,9.11,9.21,134516,0
20110118,9.22,9.27,9.12,9.19,143900,0
20110119,9.23,9.25,9.08,9.09,114589,0
20110120,9.09,9.35,9.07,9.07,80276,0
20110121,9.1,9.18,9.05,9.12,76274,0
20110124,9.13,9.28,9.12,9.12,61612,0
20110125,9.06,9.15,9,9.13,59384,0
20110126,9.18,9.28,9.04,9.07,38124,0
20110127,9.11,9.2,9.08,9.18,61823,0
20110128,9.14,9.14,8.75,8.79,148023,0
20110131,8.76,8.93,8.75,8.83,153078,0
20110201,8.85,8.96,8.78,8.93,76336,0
20110202,8.87,9,8.77,8.79,59427,0
20110203,8.79,8.87,8.75,8.81,62151,0
20110204,8.78,8.79,8.75,8.78,49352,0
20110207,8.77,8.89,8.77,8.86,40830,0
20110208,8.82,8.88,8.75,8.81,86255,0
20110209,8.81,8.99,8.78,8.95,67065,0
20110210,8.93,8.99,8.8,8.85,71066,0
20110211,8.8,9,8.8,8.93,57046,0
20110214,8.96,9,8.89,8.97,29455,0
20110215,8.93,9,8.84,8.98,84835,0
20110216,9,9,8.89,8.99,39663,0
20110218,8.93,9,8.92,8.99,29270,0
20110222,8.99,8.99,8.81,8.81,48581,0
20110223,8.8,8.99,8.75,8.75,47691,0
20110224,8.79,8.85,8.71,8.8,58348,0
20110225,8.8,9,8.8,9,59095,0
20110228,9,9,8.91,9,63077,0
20110301,8.99,9.01,8.86,8.92,61907,0
20110302,8.92,9,8.82,8.88,55026,0
20110303,9,9,8.86,8.97,53290,0
20110304,8.95,8.97,8.81,8.84,34754,0
20110307,8.82,8.89,8.74,8.76,88932,0
20110308,8.78,9.01,8.78,9,91499,0
20110309,8.94,9,8.83,8.9,23497,0
20110310,8.78,8.79,8.72,8.75,74187,0
20110311,8.76,8.85,8.73,8.76,45997,0
20110314,8.72,8.84,8.72,8.76,45796,0
20110315,8.61,8.81,8.58,8.75,62990,0
20110316,8.75,8.86,8.69,8.78,139373,0
20110317,8.86,8.86,8.69,8.72,66279,0
20110318,8.77,8.93,8.7,8.91,116582,0
20110321,8.8,9,8.8,9,42277,0
20110322,8.98,9.04,8.92,8.93,55759,0
20110323,8.93,8.93,8.74,8.77,50126,0
20110324,8.76,8.87,8.76,8.82,29341,0
20110325,8.83,9,8.78,8.81,47814,0
20110328,8.84,8.85,8.67,8.7,86841,0
20110329,8.72,8.77,8.61,8.7,85286,0
20110330,8.69,8.7,8.61,8.68,60102,0
20110331,8.69,8.71,8.59,8.62,95242,0
20110401,8.74,8.74,8.59,8.65,63355,0
20110404,8.74,8.74,8.54,8.6,61641,0
20110405,8.57,8.65,8.51,8.55,48710,0
20110406,8.57,8.6,8.52,8.57,37003,0
20110407,8.53,8.58,8.48,8.52,43990,0
20110408,8.58,8.58,8.44,8.45,61456,0
20110411,8.44,8.62,8.44,8.62,77552,0
20110412,8.6,8.77,8.58,8.6,56275,0
20110413,8.68,8.78,8.46,8.5,56666,0
20110414,8.56,8.6,8.4,8.52,165311,0
20110415,8.58,8.77,8.48,8.63,139034,0
20110418,8.51,8.68,8.41,8.47,107901,0
20110419,8.48,8.73,8.41,8.43,85759,0
20110420,8.51,8.62,8.49,8.61,73045,0
20110421,8.59,8.65,8.52,8.64,48799,0
20110425,8.7,8.78,8.54,8.65,58776,0
20110426,8.63,8.69,8.59,8.64,56336,0
20110427,8.65,8.7,8.61,8.68,41125,0
20110428,8.67,8.68,8.55,8.68,43642,0
20110429,8.74,8.81,8.6,8.63,73660,0
20110502,8.73,8.76,8.51,8.55,68806,0
20110503,8.56,8.57,8.42,8.47,46679,0
20110504,8.45,8.49,8.38,8.38,72912,0
20110505,8.39,8.53,8.32,8.37,61852,0
20110506,8.45,8.45,8.32,8.34,38953,0
20110509,8.31,8.37,8.31,8.36,38151,0
20110510,8.4,8.42,8.27,8.4,58069,0
20110511,8.35,8.43,8.33,8.34,96521,0
20110512,8.32,8.41,8.3,8.4,52611,0
20110513,8.4,8.41,8.33,8.35,42704,0
20110516,8.31,8.39,8.24,8.24,82670,0
20110517,8.33,8.42,8.2,8.4,79853,0
20110518,8.4,8.48,8.36,8.47,63587,0
20110519,8.49,8.69,8.35,8.63,69635,0
20110520,8.64,8.64,8.5,8.51,55993,0
20110523,8.41,8.45,8.34,8.37,59229,0
20110524,8.37,8.4,8.29,8.3,57336,0
20110525,8.28,8.41,8.28,8.4,51115,0
20110526,8.4,8.42,8.35,8.39,53440,0
20110527,8.4,8.4,8.34,8.38,100210,0
20110531,8.4,8.46,8.29,8.41,270986,0
20110601,8.4,8.48,8.25,8.25,101130,0
20110602,8.25,8.38,8.19,8.3,27365,0
20110603,8.22,8.36,8.15,8.21,73098,0
20110606,8.2,8.39,8.18,8.24,84835,0
20110607,8.31,8.35,8.22,8.22,37222,0
20110608,8.19,8.26,8.15,8.23,68031,0
20110609,8.25,8.3,8.16,8.22,47335,0
20110610,8.17,8.38,8.17,8.2,58109,0
20110613,8.21,8.29,8.13,8.16,61475,0
20110614,8.21,8.29,8.17,8.23,70045,0
20110615,8.17,8.18,8.01,8.11,55597,0
20110616,8.25,8.29,8.18,8.26,44559,0
20110617,8.3,8.31,8.18,8.27,211284,0
20110620,8.24,8.45,8.15,8.25,71914,0
20110621,8.29,8.31,8.15,8.29,91175,0
20110622,8.27,8.35,8.15,8.16,33712,0
20110623,8.08,8.26,8.03,8.22,54404,0
20110624,8.22,8.25,8.11,8.14,360910,0
20110627,8.16,8.32,8.07,8.2,51787,0
20110628,8.2,8.22,8.11,8.19,53987,0
20110629,8.16,8.25,8.1,8.23,29247,0
20110630,8.28,8.28,8.15,8.22,69066,0
20110701,8.23,8.27,8.2,8.24,75453,0
20110705,8.17,8.23,8.12,8.17,49284,0
20110706,8.14,8.21,8.06,8.15,62482,0
20110707,8.15,8.44,8.13,8.22,63040,0
20110708,8.14,8.27,8.13,8.18,28206,0
20110711,8.14,8.21,8.08,8.09,37425,0
20110712,8.07,8.15,8.05,8.07,47279,0
20110713,8.11,8.2,8.07,8.15,58782,0
20110714,8.19,8.19,8.01,8.04,51094,0
20110715,8.07,8.16,8.05,8.11,71172,0
20110718,8.11,8.13,7.99,8,41366,0
20110719,8.02,8.15,7.96,8.1,47651,0
20110720,8.04,8.12,8.01,8.05,27089,0
20110721,8.07,8.27,8.01,8.1,65825,0
20110722,8.12,8.13,7.98,8,24676,0
20110725,7.92,8.03,7.88,7.93,41519,0
20110726,7.92,7.94,7.81,7.82,31961,0
20110727,7.87,7.87,7.61,7.71,83642,0
20110728,7.79,8.02,7.73,7.99,69657,0
20110729,7.91,8.03,7.75,7.83,118574,0
20110801,7.94,8.09,7.77,7.93,126341,0
20110802,7.89,8.01,7.81,7.81,85347,0
20110803,7.77,8,7.76,7.97,60926,0
20110804,7.92,8.18,7.87,7.99,122780,0
20110805,8.04,8.14,7.9,7.92,76013,0
20110808,7.8,8.08,7.66,7.66,196473,0
20110809,7.83,7.97,7.37,7.96,180525,0
20110810,7.79,7.85,7.49,7.49,153597,0
20110811,7.55,7.87,7.54,7.76,154290,0
20110812,7.93,7.96,7.41,7.5,119837,0
20110815,7.61,7.68,7.48,7.65,53633,0
20110816,7.56,7.64,7.41,7.57,113407,0
20110817,7.61,7.77,7.46,7.49,81782,0
20110818,7.45,7.48,7.32,7.35,140574,0
20110819,7.42,7.81,7.3,7.41,82868,0
20110822,7.55,7.57,7.35,7.42,48430,0
20110823,7.42,8,7.42,7.99,160608,0
20110824,7.94,8.24,7.88,8.16,70719,0
20110825,8.2,8.21,7.71,7.73,65828,0
20110826,7.84,7.87,7.62,7.82,47537,0
20110829,7.91,8.26,7.91,8.24,77201,0
20110830,8.14,8.19,7.84,7.92,70234,0
20110831,7.95,7.98,7.77,7.84,85600,0
20110901,7.83,7.9,7.5,7.53,94216,0
20110902,7.35,7.45,7.21,7.26,92726,0
20110906,7.15,7.35,7.15,7.25,84319,0
20110907,7.35,7.53,7.25,7.51,130010,0
20110908,7.47,7.53,7.31,7.33,86497,0
20110909,7.3,7.35,7.2,7.25,86835,0
20110912,7.18,7.42,7.17,7.39,51657,0
20110913,7.95,7.95,7.52,7.65,58628,0
20110914,7.73,7.92,7.54,7.82,77136,0
20110915,7.85,8.08,7.76,8.04,78289,0
20110916,8.02,8.13,7.91,8.13,148087,0
20110919,7.88,8,7.77,7.9,63167,0
20110920,7.91,8.02,7.7,7.7,58641,0
20110921,7.73,7.94,7.41,7.44,68743,0
20110922,7.31,7.65,7.22,7.31,127226,0
20110923,7.52,7.52,7.31,7.48,98276,0
20110926,7.5,7.69,7.35,7.66,61780,0
20110927,7.82,7.86,7.44,7.53,130686,0
20110928,7.55,7.76,7.15,7.17,137342,0
20110929,7.31,7.45,7.2,7.42,118370,0
20110930,7.32,7.54,7.32,7.45,147542,0
20111003,7.38,7.51,7.14,7.15,121086,0
20111004,7.19,8.18,7.12,8.14,199893,0
20111005,7.92,8.13,7.66,7.83,98447,0
20111006,7.74,8.17,7.65,8.15,156332,0
20111007,7.96,8.05,7.65,7.69,66427,0
20111010,7.82,8.06,7.69,8.05,102705,0
20111011,8.05,8.17,7.98,8.13,82597,0
20111012,8.16,8.45,8.09,8.36,86028,0
20111013,7.81,8.24,7.81,8.12,46739,0
20111014,8.17,8.26,7.99,8.24,75003,0
20111017,8.15,8.19,7.87,7.94,61199,0
20111018,7.98,8.25,7.89,8.15,105786,0
20111019,8.12,8.22,7.91,7.96,59410,0
20111020,7.86,7.94,7.6,7.85,38507,0
20111021,8,8.14,7.82,8.13,79919,0
20111024,8.02,8.34,8.02,8.29,92530,0
20111025,8.15,8.21,8,8,72293,0
20111026,8.15,8.15,7.94,8.15,81378,0
20111027,8.27,8.5,8.24,8.49,207549,0
20111028,8.48,8.5,8.22,8.27,100101,0
20111031,8.2,8.43,8.15,8.21,80022,0
20111101,7.7,8.12,7.67,7.76,104005,0
20111102,7.89,8.23,7.79,8.17,112207,0
20111103,8.28,8.44,8.15,8.43,101628,0
20111104,8.38,8.39,8.3,8.35,37194,0
20111107,8.36,8.45,8.19,8.45,136187,0
20111108,8.48,8.82,8.47,8.73,120134,0
20111109,8.55,8.74,8.4,8.49,142179,0
20111110,8.52,8.6,8.5,8.58,48066,0
20111111,8.68,8.73,8.53,8.67,77976,0
20111114,8.65,8.65,8.52,8.59,56266,0
20111115,8.58,8.73,8.5,8.72,57858,0
20111116,8.63,8.8,8.56,8.57,58893,0
20111117,8.57,8.65,8.53,8.58,45007,0
20111118,8.59,8.8,8.59,8.73,45162,0
20111121,8.71,8.72,8.56,8.57,45315,0
20111122,8.55,8.66,8.49,8.53,33557,0
20111123,8.48,8.49,8.11,8.14,60055,0
20111125,8.1,8.24,7.98,8,39923,0
20111128,8.22,8.49,8.17,8.49,65520,0
20111129,8.37,8.47,8.11,8.17,28659,0
20111130,8.47,8.75,8.31,8.74,202137,0
20111201,8.7,8.7,8.49,8.55,60414,0
20111202,8.67,8.67,8.37,8.63,30000,0
20111205,8.7,8.78,8.44,8.72,96106,0
20111206,8.69,8.69,8.5,8.65,85246,0
20111207,8.6,8.79,8.46,8.78,52315,0
20111208,8.58,8.68,8.38,8.41,61483,0
20111209,8.46,8.79,8.4,8.77,92591,0
20111212,8.61,8.65,8.41,8.51,64777,0
20111213,8.56,8.7,8.3,8.37,74762,0
20111214,8.36,8.4,8.08,8.09,93211,0
20111215,8.23,8.49,8.2,8.38,53456,0
20111216,8.45,8.47,8.09,8.11,302838,0
20111219,8.22,8.51,8.15,8.22,84802,0
20111220,8.39,8.59,8.32,8.57,96975,0
20111221,8.57,8.72,8.48,8.69,50943,0
20111222,8.72,8.79,8.5,8.79,30322,0
20111223,8.8,8.81,8.59,8.63,35743,0
20111227,8.6,8.75,8.53,8.56,60579,0
20111228,8.56,8.56,8.32,8.37,55469,0
20111229,8.37,8.63,8.37,8.6,37275,0
20111230,8.56,8.6094,8.33,8.36,81626,0
20120103,8.59,8.74,8.51,8.74,57627,0
20120104,8.67,8.8,8.51,8.7,52084,0
20120105,8.63,8.71,8.52,8.7,31271,0
20120106,8.68,8.83,8.61,8.75,64889,0
20120109,8.77,8.95,8.73,8.9,88935,0
20120110,8.95,9,8.91,9,52593,0
20120111,8.89,8.98,8.76,8.96,72953,0
20120112,8.94,9,8.78,8.99,40502,0
20120113,8.87,8.94,8.77,8.88,35972,0
20120117,8.92,9.05,8.81,8.99,71537,0
20120118,8.97,9.11,8.8,9.09,83529,0
20120119,9.04,9.09,8.92,9.05,29917,0
20120120,9.01,9.09,8.94,9.02,74525,0
20120123,9.02,9.05,8.89,9,40082,0
20120124,8.95,9,8.78,8.97,80123,0
20120125,8.93,9.13,8.77,9,53079,0
20120126,8.93,9.08,8.85,9.05,50356,0
20120127,8.98,9.1,8.96,9.02,47375,0
20120130,8.89,9.17,8.84,8.98,70484,0
20120131,9.01,9.06,8.81,8.85,65800,0
20120201,8.85,9.05,8.82,8.95,134035,0
20120202,8.93,9.1,8.87,9.03,54697,0
20120203,9.18,9.29,9.03,9.23,130222,0
20120206,9.19,9.26,9.04,9.14,33170,0
20120207,9.11,9.2,8.97,9.06,51424,0
20120208,9.05,9.22,9,9.19,43685,0
20120209,9.19,9.2,8.94,9.01,28285,0
20120210,8.75,8.99,8.58,8.66,76990,0
20120213,8.76,8.77,8.65,8.7,45003,0
20120214,8.65,8.66,8.5,8.53,77615,0
20120215,8.58,8.63,8.5,8.6,79979,0
20120216,8.55,9,8.55,8.94,49744,0
20120217,8.84,9.02,8.83,8.91,33965,0
20120221,8.89,8.9,8.79,8.82,41203,0
20120222,8.84,8.85,8.77,8.79,93476,0
20120223,8.79,9.06,8.79,9.05,41185,0
20120224,9.03,9.03,8.91,8.95,22868,0
20120227,8.96,9.06,8.84,9.01,25998,0
20120228,9,9.09,8.95,8.98,18729,0
20120229,9,9.15,8.95,9.07,131399,0
20120301,9.07,9.11,8.95,8.95,97048,0
20120302,8.97,9.02,8.84,8.85,125815,0
20120305,8.82,8.97,8.79,8.96,27383,0
20120306,8.94,8.94,8.68,8.69,53007,0
20120307,8.75,8.81,8.68,8.78,17488,0
20120308,9.01,9.01,8.69,8.82,28652,0
20120309,8.81,8.94,8.75,8.89,48582,0
20120312,8.95,8.95,8.8,8.86,26561,0
20120313,8.85,8.97,8.75,8.94,64445,0
20120314,8.96,9,8.81,8.87,22621,0
20120315,8.89,8.91,8.75,8.9,70527,0
20120316,8.93,9.08,8.86,8.89,97041,0
20120319,8.89,9.19,8.89,9.1,48057,0
20120320,9.02,9.19,8.97,9,54705,0
20120321,9.01,9.08,8.85,8.92,61607,0
20120322,8.84,8.86,8.71,8.76,27623,0
20120323,8.79,9.14,8.76,9.13,42429,0
20120326,9.11,9.25,9.08,9.22,63465,0
20120327,9.23,9.23,8.99,9.01,35812,0
20120328,9.04,9.05,8.93,9.01,42393,0
20120329,8.94,8.99,8.84,8.95,30965,0
20120330,9.03,9.03,8.74,8.74,107121,0
20120402,8.78,8.95,8.7,8.89,105143,0
20120403,8.8,8.89,8.75,8.84,68989,0
20120404,8.72,8.91,8.7,8.82,64401,0
20120405,8.76,8.87,8.76,8.76,18832,0
20120409,8.57,8.72,8.57,8.62,79698,0
20120410,8.63,8.73,8.45,8.55,112993,0
20120411,8.65,8.66,8.57,8.63,67057,0
20120412,8.66,8.81,8.61,8.78,50497,0
20120413,8.71,8.71,8.55,8.6,43180,0
20120416,8.6,8.71,8.55,8.67,21178,0
20120417,8.77,8.84,8.69,8.74,62847,0
20120418,8.68,8.76,8.54,8.61,53837,0
20120419,8.63,8.81,8.58,8.73,96201,0
20120420,8.85,8.88,8.74,8.86,63753,0
20120423,8.71,8.77,8.62,8.69,59991,0
20120424,8.72,8.85,8.71,8.84,37522,0
20120425,8.94,8.96,8.77,8.83,47053,0
20120426,8.78,8.8,8.72,8.76,33972,0
20120427,8.77,8.8,8.63,8.77,50556,0
20120430,8.73,8.78,8.58,8.67,84675,0
20120501,8.65,8.79,8.56,8.58,94254,0
20120502,8.51,8.8,8.51,8.69,89948,0
20120503,8.68,8.72,8.51,8.62,74592,0
20120504,8.56,8.67,8.54,8.54,74455,0
20120507,8.5,8.79,8.5,8.72,39567,0
20120508,8.69,8.89,8.6,8.83,52866,0
20120509,8.74,8.89,8.73,8.81,56324,0
20120510,8.85,8.87,8.75,8.83,36248,0
20120511,8.74,8.83,8.7,8.81,67509,0
20120514,8.7,8.85,8.67,8.67,40912,0
20120515,8.66,8.82,8.66,8.71,39068,0
20120516,8.72,8.86,8.7,8.72,24449,0
20120517,8.75,8.91,8.71,8.73,39083,0
20120518,8.68,8.84,8.67,8.72,48141,0
20120521,8.72,8.83,8.7,8.77,58731,0
20120522,8.75,8.8,8.48,8.53,59588,0
20120523,8.46,8.57,8.35,8.53,73861,0
20120524,8.57,8.57,8.43,8.56,55690,0
20120525,8.58,8.67,8.52,8.63,42304,0
20120529,8.67,8.76,8.6,8.67,58670,0
20120530,8.6,8.63,8.49,8.5,57766,0
20120531,8.5,8.72,8.38,8.65,93131,0
20120601,8.51,8.62,8.38,8.39,56805,0
20120604,8.46,8.72,8.4,8.69,66676,0
20120605,8.61,8.79,8.61,8.77,74015,0
20120606,8.8,8.87,8.75,8.82,46831,0
20120607,8.91,8.94,8.73,8.77,52120,0
20120608,8.72,8.98,8.72,8.97,32543,0
20120611,9.03,9.03,8.55,8.56,81030,0
20120612,8.6,8.65,8.53,8.57,69357,0
20120613,8.53,8.65,8.41,8.46,72314,0
20120614,8.49,8.64,8.49,8.61,61370,0
20120615,8.57,8.81,8.57,8.79,129547,0
20120618,8.71,8.8,8.71,8.74,57601,0
20120619,8.74,8.89,8.7,8.74,83314,0
20120620,8.72,8.76,8.65,8.67,39774,0
20120621,8.67,8.7,8.48,8.49,53820,0
20120622,8.55,8.63,8.55,8.61,258074,0
20120625,8.48,8.6,8.48,8.49,45228,0
20120626,8.5,8.59,8.43,8.58,42871,0
20120627,8.57,8.75,8.56,8.66,60669,0
20120628,8.63,8.64,8.36,8.5,56040,0
20120629,8.67,8.76,8.55,8.63,122138,0
20120702,8.6,8.65,8.57,8.61,120153,0
20120703,8.65,8.75,8.65,8.7,33241,0
20120705,8.7,8.72,8.66,8.7,69926,0
20120706,8.59,8.67,8.59,8.62,39690,0
20120709,8.59,8.66,8.55,8.6,51035,0
20120710,8.6,8.71,8.6,8.67,94330,0
20120711,8.66,8.71,8.55,8.67,69355,0
20120712,8.63,8.79,8.61,8.78,74243,0
20120713,8.78,8.96,8.75,8.95,39480,0
20120716,8.92,8.92,8.71,8.72,21200,0
20120717,8.8,8.84,8.7,8.81,41270,0
20120718,8.82,8.91,8.75,8.81,30693,0
20120719,8.82,8.82,8.72,8.75,39375,0
20120720,8.66,8.76,8.66,8.74,44775,0
20120723,8.62,8.67,8.57,8.6,50910,0
20120724,8.64,8.64,8.49,8.59,49712,0
20120725,8.66,8.75,8.65,8.72,24843,0
20120726,8.59,8.63,8.3,8.36,81537,0
20120727,8.35,8.61,8.35,8.56,128959,0
20120730,8.57,8.74,8.55,8.65,44654,0
20120731,8.61,8.68,8.54,8.56,62601,0
20120801,8.57,8.75,8.37,8.37,95978,0
20120802,8.32,8.53,8.32,8.5,51435,0
20120803,8.59,8.99,8.54,8.95,68119,0
20120806,8.99,9.1,8.89,8.91,45103,0
20120807,8.92,8.92,8.72,8.76,53840,0
20120808,8.77,8.86,8.66,8.73,45693,0
20120809,8.75,8.83,8.6,8.82,39599,0
20120810,8.75,8.82,8.68,8.77,46634,0
20120813,8.75,8.85,8.69,8.85,15935,0
20120814,8.87,8.9,8.76,8.76,19773,0
20120815,8.72,8.89,8.72,8.88,24623,0
20120816,8.9,9,8.76,8.99,28032,0
20120817,8.95,9.05,8.801,9.05,40565,0
20120820,9,9.02,8.8,8.85,31498,0
20120821,8.84,9.01,8.77,8.94,39584,0
20120822,8.91,8.96,8.72,8.72,26090,0
20120823,8.7,8.7103,8.6,8.62,27267,0
20120824,8.6,8.88,8.6,8.8,39029,0
20120827,8.8,8.89,8.71,8.83,26183,0
20120828,8.81,8.9,8.77,8.87,28369,0
20120829,8.91,8.99,8.78,8.97,34678,0
20120830,8.92,8.93,8.71,8.74,46956,0
20120831,8.83,8.88,8.73,8.81,45005,0
20120904,8.85,8.85,8.66,8.77,70499,0
20120905,8.82,8.88,8.72,8.85,58103,0
20120906,8.91,9.19,8.81,9.18,60385,0
20120907,9.19,9.19,8.95,9.01,45250,0
20120910,9.02,9.17,8.93,9.07,37265,0
20120911,9.04,9.17,8.93,9.07,43646,0
20120912,9.06,9.14,8.96,9.05,40906,0
20120913,9.02,9.5,9.01,9.44,77502,0
20120914,9.45,9.55,9.38,9.41,79424,0
20120917,9.35,9.5,9.2,9.48,32000,0
20120918,9.44,9.65,8.99,9.61,38980,0
20120919,9.61,9.61,9.28,9.29,65116,0
20120920,9.25,9.36,9.18,9.3,32724,0
20120921,9.49,9.73,9.4,9.71,140455,0
20120924,9.65,9.95,9.6,9.9,47211,0
20120925,9.98,10,9.68,9.71,78651,0
20120926,9.76,9.83,9.31,9.76,33864,0
20120927,9.77,9.93,9.66,9.88,43891,0
20120928,9.82,9.83,9.54,9.56,52723,0
20121001,9.58,9.8,9.58,9.76,84877,0
20121002,9.76,9.88,9.71,9.86,38447,0
20121003,9.89,9.89,9.67,9.81,28089,0
20121004,9.81,9.96,9.75,9.95,37032,0
20121005,9.61,10,9.61,9.99,122863,0
20121008,10.01,10.19,10.01,10.14,110115,0
20121009,10.2,10.2,10.01,10.05,77913,0
20121010,10.04,10.15,10.02,10.1,51639,0
20121011,10.15,10.15,9.98,10,92694,0
20121012,10,10.03,9.95,9.99,42570,0
20121015,10,10.02,9.96,10,46270,0
20121016,10,10.06,9.95,10,41835,0
20121017,10.05,10.05,9.96,10,37348,0
20121018,9.99,10.03,9.9,9.9,32917,0
20121019,9.87,9.99,9.76,9.83,92099,0
20121022,9.85,9.97,9.85,9.92,22948,0
20121023,9.87,9.92,9.75,9.89,33993,0
20121024,9.96,10.04,9.89,9.91,29736,0
20121025,9.96,10.06,9.75,9.84,24500,0
20121026,9.83,9.87,9.58,9.59,99639,0
20121031,9.59,9.59,9.37,9.48,64868,0
20121101,9.5,9.5,9.37,9.46,112048,0
20121102,9.51,9.94,9.4,9.45,82657,0
20121105,9.48,9.5,9.44,9.49,53676,0
20121106,9.49,9.53,9.4,9.45,57308,0
20121107,9.39,9.39,9.17,9.25,85163,0
20121108,9.25,9.34,9.24,9.25,49962,0
20121109,9.28,9.32,9.21,9.26,31098,0
20121112,9.34,9.3483,9.223,9.25,30735,0
20121113,9.23,9.34,9.23,9.26,31342,0
20121114,9.29,9.3,9.01,9.01,50777,0
20121115,9,9.1,8.86,8.88,61983,0
20121116,8.88,8.97,8.75,8.96,79700,0
20121119,9.07,9.16,9,9.11,29758,0
20121120,9.11,9.11,9,9.02,28745,0
20121121,9.01,9.12,8.97,9.09,13622,0
20121123,9.14,9.25,9.09,9.25,18907,0
20121126,9.2,9.34,9.16,9.32,30522,0
20121127,9.35,9.49,9.2,9.23,41000,0
20121128,9.2,9.35,9.14,9.21,21160,0
20121129,9.34,9.5,9.241,9.5,71976,0
20121130,9.48,9.73,9.3,9.37,99807,0
20121203,9.4,9.5,9.39,9.49,38178,0
20121204,9.4,9.5,9.39,9.5,21663,0
20121205,9.5,9.5,9.4001,9.41,22421,0
20121206,9.39,9.49,9.2502,9.49,28578,0
20121207,9.31,9.73,9.31,9.4,31589,0
20121210,9.39,9.46,9.3,9.34,29598,0
20121211,9.38,9.4,9.29,9.4,79678,0
20121212,9.4,9.4,9.29,9.29,29401,0
20121213,9.39,9.49,9.31,9.33,15224,0
20121214,9.34,9.38,9.26,9.32,35661,0
20121217,9.34,9.44,9.26,9.43,48378,0
20121218,9.445,9.445,9.31,9.44,66165,0
20121219,9.44,9.46,9.33,9.43,41786,0
20121220,9.44,9.58,9.3807,9.54,1422178,0
20121221,9.37,9.75,9.31,9.49,195639,0
20121224,9.47,9.513,9.34,9.49,12272,0
20121226,9.49,9.52,9.4,9.49,27015,0
20121227,9.51,9.54,9.29,9.49,34264,0
20121228,9.44,9.54,9.31,9.46,35077,0
20121231,9.4,9.5,9.27,9.5,79901,0
20130102,9.71,9.71,9.43,9.49,352520,0
20130103,9.49,9.55,9.47,9.49,91134,0
20130104,9.55,9.55,9.43,9.48,44750,0
20130107,9.41,9.52,9.39,9.46,50678,0
20130108,9.48,9.64,9.42,9.57,52040,0
20130109,9.5,9.58,9.45,9.49,50845,0
20130110,9.5,9.53,9.47,9.49,39782,0
20130111,9.47,9.5,9.4,9.48,21975,0
20130114,9.49,9.5,9.38,9.39,56501,0
20130115,9.35,9.36,9.26,9.34,64564,0
20130116,9.3,9.33,9.24,9.25,34651,0
20130117,9.29,9.29,9.2,9.24,37526,0
20130118,9.24,9.26,9.2,9.23,51795,0
20130122,9.22,9.34,9.2,9.34,41448,0
20130123,9.33,9.35,9.26,9.32,44973,0
20130124,9.35,9.36,9.27,9.35,108782,0
20130125,9.34,9.4,9.3,9.35,82925,0
20130128,9.34,9.47,9.29,9.35,66678,0
20130129,9.33,9.38,9.29,9.35,86610,0
20130130,9.32,9.36,9.27,9.29,58757,0
20130131,9.31,9.4,9.3,9.36,205842,0
20130201,9.36,9.37,9.32,9.35,192371,0
20130204,9.35,9.36,9.32,9.32,72280,0
20130205,9.34,9.36,9.32,9.35,70512,0
20130206,9.32,9.35,9.32,9.34,95335,0
20130207,9.34,9.38,9.28,9.3,57924,0
20130208,9.3,9.33,9.26,9.33,34225,0
20130211,9.3,9.3,9.2699,9.29,56116,0
20130212,9.29,9.49,9.28,9.38,78494,0
20130213,9.37,9.4,9.35,9.4,78143,0
20130214,9.4,9.47,9.265,9.29,68275,0
20130215,9.38,9.43,9.28,9.29,91987,0
20130219,9.33,9.42,9.31,9.4,75911,0
20130220,9.38,9.42,9.26,9.26,73303,0
20130221,9.5,9.54,9.38,9.38,94114,0
20130222,9.46,9.52,9.34,9.45,86085,0
20130225,9.45,9.6,9.34,9.375,817996,0
20130226,9.35,9.5,9.35,9.47,53991,0
20130227,9.46,9.61,9.45,9.53,34291,0
20130228,9.5,9.71,9.45,9.59,56471,0
20130301,9.61,9.67,9.47,9.64,74506,0
20130304,9.63,9.9,9.6,9.79,51497,0
20130305,9.82,10,9.82,9.94,47787,0
20130306,9.91,9.93,9.85,9.91,37949,0
20130307,9.89,10.01,9.79,9.95,63926,0
20130308,10,10.03,9.89,10,52756,0
20130311,9.95,10.05,9.91,9.93,48791,0
20130312,9.95,9.96,9.899,9.91,47032,0
20130313,9.94,9.97,9.9,9.96,41300,0
20130314,9.99,10.07,9.96,10.07,69579,0
20130315,10.09,10.1,10.03,10.06,109862,0
20130318,10.01,10.05,9.94,10.01,37667,0
20130319,10,10.04,9.91,9.97,41626,0
20130320,10.02,10.07,10,10.05,23036,0
20130321,9.99,10.2,9.99,10.2,57890,0
20130322,10.21,10.23,10.17,10.2,49482,0
20130325,10.2,10.31,10.2,10.3,32517,0
20130326,10.15,10.35,10.15,10.23,822750,0
20130327,10.22,10.34,10.16,10.3,180501,0
20130328,10.38,10.38,10.28,10.3,89422,0
20130401,10.33,10.33,10.01,10.02,102766,0
20130402,10.08,10.12,9.89,9.91,66318,0
20130403,9.96,9.98,9.84,9.85,72604,0
20130404,10.06,10.06,9.73,9.94,62129,0
20130405,9.8,9.88,9.79,9.8,45055,0
20130408,9.72,9.85,9.68,9.85,35989,0
20130409,9.88,9.88,9.79,9.8,64684,0
20130410,9.85,10.09,9.8,10.06,470402,0
20130411,10.08,10.14,10,10.11,37480,0
20130412,10.05,10.05,9.86,9.96,38473,0
20130415,9.88,9.92,9.58,9.63,90756,0
20130416,9.71,9.91,9.65,9.82,66533,0
20130417,9.8,9.83,9.71,9.8,76833,0
20130418,9.83,9.93,9.78,9.87,142564,0
20130419,9.85,10.02,9.81,9.82,92859,0
20130422,9.86,9.86,9.7,9.75,43202,0
20130423,9.84,9.94,9.74,9.93,55765,0
20130424,9.87,10.01,9.81,9.95,91701,0
20130425,9.71,9.73,9.25,9.46,125791,0
20130426,9.24,9.25,8.9,8.97,386988,0
20130429,8.95,8.97,8.7,8.72,150810,0
20130430,8.61,8.63,8.5,8.55,248296,0
20130501,8.55,8.59,8.5,8.5,224047,0
20130502,8.56,8.75,8.54,8.71,128120,0
20130503,8.7,8.9,8.7,8.82,113335,0
20130506,8.8,8.9,8.73,8.8,57799,0
20130507,8.8,8.84,8.75,8.82,43817,0
20130508,8.79,8.92,8.76,8.84,46266,0
20130509,8.8,8.83,8.64,8.7,86773,0
20130510,8.74,8.74,8.69,8.71,35746,0
20130513,8.75,8.83,8.75,8.81,34421,0
20130514,8.85,8.9,8.75,8.76,62854,0
20130515,8.74,8.89,8.6801,8.89,50229,0
20130516,8.84,8.86,8.74,8.77,48219,0
20130517,8.82,8.87,8.75,8.83,56554,0
20130520,8.81,8.92,8.741,8.82,32866,0
20130521,8.84,8.95,8.79,8.9,159091,0
20130522,8.88,9.01,8.79,8.83,46165,0
20130523,8.79,8.91,8.76,8.84,21445,0
20130524,8.82,8.86,8.7701,8.8,166395,0
20130528,8.91,8.94,8.81,8.85,50693,0
20130529,8.83,8.9,8.75,8.76,38989,0
20130530,8.77,8.81,8.63,8.7,77056,0
20130531,8.63,8.63,8.55,8.55,68964,0
20130603,8.59,8.94,8.5,8.92,156062,0
20130604,8.89,8.92,8.66,8.75,49052,0
20130605,8.77,8.86,8.68,8.69,25646,0
20130606,8.72,8.78,8.58,8.71,27599,0
20130607,8.62,8.66,8.5,8.59,157719,0
20130610,8.59,8.71,8.54,8.7,16154,0
20130611,8.65,8.66,8.5,8.54,457891,0
20130612,8.56,8.56,8.41,8.44,60468,0
20130613,8.47,8.61,8.43,8.61,27458,0
20130614,8.63,8.64,8.5,8.5,20982,0
20130617,8.56,8.565,8.5,8.53,75053,0
20130618,8.55,8.645,8.48,8.56,76997,0
20130619,8.54,8.58,8.5,8.52,35641,0
20130620,8.44,8.54,8.44,8.48,68788,0
20130621,8.45,8.52,8.41,8.46,236932,0
20130624,8.43,8.51,8.4,8.41,103378,0
20130625,8.45,8.46,8.4,8.43,82138,0
20130626,8.51,8.51,8.41,8.41,61120,0
20130627,8.46,8.49,8.42,8.44,83325,0
20130628,8.47,8.48,8.37,8.4,671479,0
20130701,8.4,8.44,8.37,8.4,116432,0
20130702,8.36,8.45,8.36,8.43,109971,0
20130703,8.4,8.49,8.38,8.45,47557,0
20130705,8.57,8.57,8.46,8.53,84518,0
20130708,8.56,8.585,8.49,8.51,197698,0
20130709,8.51,8.57,8.45,8.5,327018,0
20130710,8.47,8.5,8.42,8.46,136246,0
20130711,8.51,8.55,8.41,8.5,153550,0
20130712,8.49,8.64,8.49,8.58,102410,0
20130715,8.6,8.62,8.5,8.55,527257,0
20130716,8.54,8.57,8.49,8.51,1409829,0
20130717,8.56,8.81,8.54,8.81,213061,0
20130718,8.84,9.04,8.75,9.03,241923,0
20130719,9.03,9.14,8.97,9.14,164547,0
20130722,9.1,9.16,9.01,9.03,107943,0
20130723,9.08,9.09,8.98,8.98,78302,0
20130724,8.99,9.1,8.86,8.93,43396,0
20130725,8.91,9.04,8.71,9.01,81175,0
20130726,9,9.14,8.94,8.97,60834,0
20130729,8.93,8.93,8.59,8.77,83260,0
20130730,8.83,8.83,8.59,8.61,44430,0
20130731,8.65,8.72,8.62,8.62,75456,0
20130801,8.71,8.81,8.66,8.8,275329,0
20130802,8.75,8.83,8.747,8.81,196976,0
20130805,8.84,8.92,8.77,8.87,65843,0
20130806,8.87,8.99,8.82,8.92,67817,0
20130807,8.88,8.98,8.85,8.95,62810,0
20130808,8.97,9.05,8.95,9.01,55858,0
20130809,8.98,9.13,8.95,9.12,57718,0
20130812,9.1,9.25,9.1,9.24,86088,0
20130813,9.24,9.24,9.15,9.16,85270,0
20130814,9.18,9.2401,9.1,9.19,379858,0
20130815,9.13,9.25,9.13,9.18,90345,0
20130816,9.15,9.25,9.15,9.17,70895,0
20130819,8.99,9.21,8.99,9.18,90682,0
20130820,9.16,9.28,9.11,9.28,146021,0
20130821,9.28,9.28,9.15,9.17,68693,0
20130822,9.17,9.27,9.17,9.27,29810,0
20130823,9.26,9.29,9.18,9.21,41225,0
20130826,9.23,9.31,9.1635,9.24,59154,0
20130827,9.18,9.18,9.07,9.09,188887,0
20130828,9.11,9.26,9.11,9.22,90744,0
20130829,9.23,9.36,9.19,9.33,141314,0
20130830,9.35,9.35,9.25,9.26,117693,0
20130903,9.36,9.41,9.3,9.39,289509,0
20130904,9.39,9.43,9.29,9.3,108171,0
20130905,9.3,9.34,9.28,9.31,46155,0
20130906,9.33,9.33,9.2,9.31,71084,0
20130909,9.35,9.38,9.27,9.38,48564,0
20130910,9.4,9.47,9.35,9.44,84542,0
20130911,9.42,9.45,9.4,9.43,63165,0
20130912,9.44,9.48,9.4,9.45,58983,0
20130913,9.45,9.52,9.4,9.52,72070,0
20130916,9.52,9.54,9.42,9.53,66640,0
20130917,9.53,9.77,9.53,9.74,96076,0
20130918,9.71,9.9,9.65,9.89,217516,0
20130919,9.88,9.88,9.75,9.82,62497,0
20130920,9.85,9.95,9.85,9.89,157855,0
20130923,9.85,9.9,9.75,9.86,94301,0
20130924,9.86,9.93,9.8,9.88,87200,0
20130925,9.85,9.98,9.8,9.97,129423,0
20130926,9.97,10,9.81,10,138500,0
20130927,9.99,10,9.92,9.95,111355,0
20130930,9.94,10,9.85,9.97,123800,0
20131001,9.97,10.01,9.93,10,124500,0
20131002,9.98,9.98,9.84,9.88,121900,0
20131003,9.84,9.94,9.67,9.92,123500,0
20131004,9.95,10,9.9,9.98,95000,0
20131007,9.94,9.99,9.87,9.96,90100,0
20131008,9.95,9.99,9.9,9.98,72800,0
20131009,9.99,10,9.88,9.92,197408,0
20131010,10,10.025,9.95,9.99,110996,0
20131011,10,10.16,10,10.13,108401,0
20131014,10.11,10.18,10,10.13,78978,0
20131015,10.08,10.16,9.99,9.99,92986,0
20131016,10,10.11,9.98,10,45300,0
20131017,9.96,10.05,9.68,10.03,59600,0
20131018,10.11,10.11,9.94,10.02,71200,0
20131021,10.01,10.09,9.94,9.94,50700,0
20131022,9.95,10.02,9.91,9.98,46900,0
20131023,9.98,10.05,9.95,10,59300,0
20131024,10.01,10.01,9.67,9.75,41500,0
20131025,10.05,10.118,9.54,9.81,442098,0
20131028,9.66,9.81,9.66,9.81,148850,0
20131029,9.81,9.97,9.77,9.97,170600,0
20131030,9.94,9.97,9.84,9.88,112600,0
20131031,9.86,9.94,9.75,9.75,95129,0
20131101,9.76,9.86,9.75,9.78,146500,0
20131104,9.8,9.94,9.75,9.85,103453,0
20131105,9.78,9.88,9.76,9.8,63800,0
20131106,9.82,9.86,9.8,9.8,96000,0
20131107,9.81,9.85,9.75,9.84,105900,0
20131108,9.83,10.02,9.8,9.95,98900,0
20131111,9.93,10.01,9.89,9.91,117512,0
20131112,9.91,10.04,9.9,9.99,73100,0
20131113,9.95,10.01,9.8,10,54000,0
20131114,10,10.04,9.99,10,195800,0
20131115,10,10.1,10,10.09,83300,0
20131118,10.11,10.11,10.02,10.08,73000,0
20131119,9.49,10.17,9.44,10.12,44638,0
20131120,10.14,10.17,10.03,10.11,67800,0
20131121,10.13,10.18,9.96,10.17,123600,0
20131122,10.2,10.271,10.08,10.24,69316,0
20131125,10.24,10.35,10.23,10.34,118900,0
20131126,10.36,10.49,10.31,10.49,92700,0
20131127,10.5,10.56,10.48,10.55,161800,0
20131129,10.6,10.6,10.5,10.5,67841,0
20131202,10.47,10.51,10.38,10.45,130200,0
20131203,10.41,10.49,10.39,10.46,61856,0
20131204,10.4,10.5,10.36,10.4,69900,0
20131205,10.38,10.5,10.32,10.49,75600,0
20131206,10.55,10.59,10.5,10.5,77500,0
20131209,10.5,10.53,10.43,10.45,92444,0
20131210,10.44,10.5,10.34,10.45,107100,0
20131211,10.49,10.5,10.33,10.36,86800,0
20131212,10.4,10.6,10.35,10.59,117695,0
20131213,10.58,10.59,10.48,10.55,68600,0
20131216,10.56,10.69,10.29,10.68,114373,0
20131217,10.65,10.7,10.6,10.69,102400,0
20131218,10.67,10.79,10.66,10.78,82100,0
20131219,10.79,10.79,10.62,10.67,79900,0
20131220,10.71,11.04,10.65,10.94,272300,0
20131223,10.96,11.14,10.93,11.11,83200,0
20131224,11.06,11.21,11.05,11.14,45409,0
20131226,11.16,11.26,11.13,11.13,53700,0
20131227,11.18,11.19,11.11,11.15,53400,0
20131230,11.1,11.13,10.93,11.1,103000,0
20131231,11.1,11.12,10.9,10.92,128200,0
20140102,10.86,10.86,10.77,10.85,65144,0
20140103,10.84,10.91,10.75,10.82,30795,0
20140106,10.82,10.84,10.65,10.71,71300,0
20140107,10.75,10.85,10.7,10.73,44100,0
20140108,10.71,10.83,10.58,10.82,78800,0
20140109,10.92,11.1,10.92,11.09,91200,0
20140110,11.1,11.15,11,11.08,63000,0
20140113,11.05,11.14,11.01,11.13,73300,0
20140114,11.15,11.29,11.15,11.26,46400,0
20140115,11.23,11.34,11.23,11.27,38000,0
20140116,11.25,11.35,11.25,11.26,59412,0
20140117,11.24,11.33,11.24,11.25,48700,0
20140121,11.28,11.31,11.25,11.31,40600,0
20140122,11.28,11.37,11.12,11.28,30000,0
20140123,11.3,11.3,11.18,11.26,28600,0
20140124,11.21,11.27,11.18,11.26,173700,0
20140127,11.28,11.35,11.22,11.26,43600,0
20140128,11.23,11.479,11.2,11.36,132891,0
20140129,11.34,11.37,11.03,11.08,91700,0
20140130,11.16,12.1,11.16,11.95,163900,0
20140131,11.77,12.11,11.77,11.88,114900,0
20140203,12.058,12.058,11.46,11.5,128934,0
20140204,11.662,11.662,11.48,11.52,86720,0
20140205,11.62,11.62,11.5,11.55,66899,0
20140206,11.57,11.689,11.5,11.54,67188,0
20140207,11.55,11.58,11.42,11.47,69772,0
20140210,11.6,11.68,11.46,11.6,74205,0
20140211,11.64,11.75,11.56,11.64,92492,0
20140212,11.68,11.71,11.6,11.66,84506,0
20140213,11.6,11.75,11.6,11.74,87827,0
20140214,11.71,11.76,11.67,11.69,58103,0
20140218,11.72,11.89,11.72,11.89,75101,0
20140219,11.82,11.87,11.7,11.7,171504,0
20140220,11.71,11.88,11.7,11.85,170435,0
20140221,11.92,12.215,11.76,12.18,325182,0
20140224,12.25,12.43,12.12,12.2,113792,0
20140225,12.17,12.2,12,12.01,77280,0
20140226,12.05,12.16,12.03,12.13,44860,0
20140227,12.18,12.2,12.06,12.2,45648,0
20140228,12.15,12.25,12.04,12.04,111862,0
20140303,11.97,12.17,11.97,12.14,60394,0
20140304,12.25,12.6,12.23,12.42,258010,0
20140305,12.37,12.44,12.34,12.43,54305,0
20140306,12.42,13.05,12.42,13.02,257665,0
20140307,13.1,14.35,12.92,13.54,300111,0
20140310,13.55,13.55,13.37,13.52,47175,0
20140311,13.47,13.55,13.3,13.49,75458,0
20140312,13.47,13.68,13.45,13.64,80696,0
20140313,13.83,13.95,13.62,13.64,160444,0
20140314,13.55,13.79,13.35,13.67,168778,0
20140317,13.75,13.8,13.68,13.72,89958,0
20140318,13.68,13.71,13.62,13.66,208553,0
20140319,13.62,13.65,13.47,13.54,116036,0
20140320,13.5,13.58,13.27,13.37,138863,0
20140321,13.37,13.51,13.33,13.4,205509,0
20140324,13.39,13.4,13.23,13.23,144209,0
20140325,13.33,13.39,13.25,13.39,515751,0
20140326,13.5,13.5,13.25,13.25,88300,0
20140327,13.32,13.42,13.15,13.17,62639,0
20140328,13.19,13.33,13.07,13.16,91613,0
20140331,13.19,13.33,13.19,13.19,142232,0
20140401,13.22,13.26,13.1,13.14,135972,0
20140402,13.1,13.22,13.065,13.21,56361,0
20140403,13.19,13.29,13.13,13.16,44368,0
20140404,13.26,13.54,12.91,12.93,102486,0
20140407,12.88,13.02,12.75,12.92,89829,0
20140408,12.98,13.21,12.98,13.15,98522,0
20140409,13.2,13.35,13.19,13.27,76145,0
20140410,13.25,13.38,13.05,13.25,140239,0
20140411,13.2,13.33,13.2,13.3,98438,0
20140414,13.44,13.46,13.24,13.31,65268,0
20140415,13.4,13.6,13.25,13.58,438518,0
20140416,13.62,13.8,13.5,13.57,76034,0
20140417,13.5,13.7,13.5,13.66,61995,0
20140421,13.66,13.66,13.38,13.465,65974,0
20140422,13.47,13.59,13.47,13.55,57765,0
20140423,13.53,13.6,13.47,13.57,76807,0
20140424,13.51,13.52,13.3,13.44,114279,0
20140425,13.4,13.48,13.25,13.25,136001,0
20140428,13.32,13.32,13.11,13.23,82602,0
20140429,13.29,13.38,13.08,13.1,57592,0
20140430,13.09,13.14,12.9,13.04,109570,0
20140501,12.99,13.05,12.83,12.98,115840,0
20140502,12.97,13.12,12.91,13,66008,0
20140505,12.89,12.98,12.79,12.85,78221,0
20140506,12.79,12.9,12.65,12.71,94764,0
20140507,12.72,12.77,12.65,12.71,91528,0
20140508,12.72,12.73,12.6,12.7,134835,0
20140509,12.61,12.94,12.61,12.93,81286,0
20140512,13,13.49,13,13.31,111558,0
20140513,13.3,13.43,13.21,13.27,110563,0
20140514,13.12,13.42,12.85,12.88,82872,0
20140515,13.11,13.45,12.77,13.23,106827,0
20140516,13.19,13.277,13,13.18,64616,0
20140519,13.03,13.41,12.93,13.25,83553,0
20140520,13.18,13.22,13,13.12,113477,0
20140521,13.18,13.36,12.95,13.12,79960,0
20140522,13.13,13.34,12.99,13.28,56209,0
20140523,13.32,13.49,13.29,13.44,60039,0
20140527,13.45,13.66,13.42,13.52,60432,0
20140528,13.45,13.48,13.29,13.39,57182,0
20140529,13.39,13.5,13.3,13.48,37706,0
20140530,13.49,13.54,13.455,13.51,51225,0
20140602,13.51,13.54,13.33,13.45,45906,0
20140603,13.43,13.62,13.31,13.61,166467,0
20140604,13.56,13.56,13.47,13.49,46550,0
20140605,13.49,13.69,13.43,13.69,102979,0
20140606,13.75,13.75,13.66,13.69,132104,0
20140609,13.63,13.72,13.6,13.72,91759,0
20140610,13.65,13.75,13.6,13.72,68600,0
20140611,13.62,13.66,13.54,13.56,56145,0
20140612,13.53,13.53,13.24,13.34,74305,0
20140613,13.4,13.4,13.264,13.35,52590,0
20140616,13.35,13.38,13.25,13.38,101169,0
20140617,13.36,13.65,13.35,13.62,133451,0
20140618,13.59,13.6,13.33,13.59,115708,0
20140619,13.65,13.66,13.54,13.54,165233,0
20140620,13.6,13.64,13.37,13.6,364320,0
20140623,13.54,13.6,13.49,13.55,81950,0
20140624,13.51,13.62,13.33,13.34,121906,0
20140625,13.26,13.61,13.26,13.59,102563,0
20140626,13.5,13.79,13.488,13.7,65222,0
20140627,13.61,13.73,13.39,13.59,671230,0
20140630,13.53,13.56,13.41,13.56,112655,0
20140701,13.61,13.99,13.61,13.82,176508,0
20140702,13.8,13.8,13.64,13.67,68600,0
20140703,13.71,13.853,13.71,13.8,33319,0
20140707,13.69,13.85,13.65,13.68,79034,0
20140708,13.66,13.66,13.47,13.5,88737,0
20140709,13.53,13.6,13.51,13.54,40847,0
20140710,13.37,13.55,13.225,13.33,86904,0
20140711,13.29,13.36,13.22,13.28,47463,0
20140714,13.39,13.44,13.25,13.26,45914,0
20140715,13.29,13.29,13.12,13.15,55618,0
20140716,13.24,13.25,12.92,12.95,58563,0
20140717,12.86,12.92,12.712,12.79,82244,0
20140718,12.78,13.09,12.74,12.9,111614,0
20140721,12.82,12.89,12.76,12.82,42521,0
20140722,12.85,12.98,12.81,12.85,45376,0
20140723,12.83,12.92,12.77,12.91,44014,0
20140724,13.06,13.19,12.955,13.06,93917,0
20140725,13.07,13.26,13.07,13.21,84800,0
20140728,13.33,13.36,13.08,13.18,66837,0
20140729,13.25,13.42,13.15,13.39,64438,0
20140730,13.49,13.49,13.232,13.4,58915,0
20140731,13.25,13.38,13.05,13.08,118931,0
20140801,13.14,13.31,12.95,13.04,87346,0
20140804,13.03,13.2,12.96,13.16,97942,0
20140805,13.15,13.35,13.15,13.32,69514,0
20140806,13.11,13.52,13.11,13.44,71275,0
20140807,13.43,13.49,13.34,13.38,56052,0
20140808,13.35,13.6,13.268,13.56,73021,0
20140811,13.6,13.7,13.43,13.6,68714,0
20140812,13.5,13.63,13.202,13.39,47717,0
20140813,13.45,13.57,13.35,13.5,49830,0
20140814,13.53,13.597,13.28,13.37,31231,0
20140815,13.89,14.08,13.76,13.85,573750,0
20140818,13.94,14,13.87,13.9,257234,0
20140819,13.9,13.95,13.72,13.75,76814,0
20140820,13.75,13.92,13.75,13.86,186783,0
20140821,13.85,14,13.81,13.85,317456,0
20140822,13.86,13.96,13.83,13.95,123614,0
20140825,13.95,14.05,13.94,13.98,202916,0
20140826,13.98,14,13.86,13.9,65018,0
20140827,13.9,13.95,13.77,13.79,36238,0
20140828,13.75,13.82,13.68,13.75,62337,0
20140829,13.75,13.81,13.7,13.73,43367,0
20140902,13.8,13.85,13.7,13.83,48880,0
20140903,13.85,13.89,13.39,13.74,437174,0
20140904,13.75,13.85,13.65,13.66,40868,0
20140905,13.6,13.69,13.52,13.55,48469,0
20140908,13.54,13.6,13.47,13.56,40361,0
20140909,13.55,13.55,13.27,13.37,75336,0
20140910,13.41,13.52,13.25,13.4,97345,0
20140911,13.32,13.47,13.3,13.47,131797,0
20140912,13.49,13.59,13.25,13.35,144044,0
20140915,13.32,13.36,13.21,13.25,64648,0
20140916,13.23,13.37,13.13,13.16,52538,0
20140917,13.13,13.25,13.06,13.13,49524,0
20140918,13.19,13.29,13.07,13.23,51583,0
20140919,13.24,13.285,13.15,13.23,188673,0
20140922,13.16,13.24,13.07,13.1,69360,0
20140923,13.06,13.19,12.9,12.9,72461,0
20140924,12.93,13.02,12.875,13.01,65452,0
20140925,13.1,13.1,12.88,13.01,274687,0
20140926,12.98,13.24,12.95,13.05,70269,0
20140929,12.99,13.04,12.94,12.98,80508,0
20140930,13.01,13.01,12.74,12.78,203986,0
20141001,12.81,12.99,12.66,12.91,97415,0
20141002,13.05,13.1,12.94,13.01,60198,0
20141003,13.05,13.16,12.98,13.01,59324,0
20141006,13,13.1,12.86,13.015,125012,0
20141007,12.94,12.99,12.77,12.78,58537,0
20141008,12.76,13.17,12.73,13.15,60153,0
20141009,13.11,13.2,12.81,12.81,52884,0
20141010,12.81,12.96,12.74,12.75,68769,0
20141013,12.79,13.02,12.76,13.01,73704,0
20141014,13.1,13.2,13,13.11,75711,0
20141015,13.13,13.13,12.81,12.97,70013,0
20141016,12.84,13.18,12.761,13.07,45719,0
20141017,13.23,13.23,12.8,12.92,201880,0
20141020,12.88,12.97,12.786,12.92,89490,0
20141021,12.94,12.99,12.84,12.93,87869,0
20141022,12.92,13.13,12.796,12.98,50963,0
20141023,13.15,13.23,13.09,13.16,43627,0
20141024,13.2,13.22,13.03,13.21,37767,0
20141027,13.13,13.23,13.11,13.23,28782,0
20141028,13.23,13.5,13.17,13.49,138498,0
20141029,13.46,13.48,13.38,13.45,68480,0
20141030,13.142,13.505,13.14,13.44,141704,0
20141031,13.53,13.53,13.41,13.43,328753,0
20141103,13.47,13.49,13.232,13.42,45002,0
20141104,13.35,13.42,13.305,13.37,31825,0
20141105,13.485,13.485,13.38,13.43,45766,0
20141106,13.45,13.49,13.39,13.47,96023,0
20141107,13.45,13.55,13.44,13.55,93840,0
20141110,13.52,13.67,13.52,13.65,56452,0
20141111,13.69,13.76,13.62,13.74,72748,0
20141112,13.67,13.93,13.67,13.92,151322,0
20141113,13.92,13.92,13.77,13.83,114009,0
20141114,13.83,13.9,13.74,13.82,148571,0
20141117,13.83,13.89,13.61,13.65,200628,0
20141118,13.68,13.82,13.49,13.49,65573,0
20141119,13.475,13.475,13.19,13.25,62034,0
20141120,13.35,13.35,13.21,13.29,78382,0
20141121,13.43,13.45,13.23,13.34,98838,0
20141124,13.35,13.59,13.32,13.59,110475,0
20141125,13.59,13.69,13.48,13.66,127531,0
20141126,13.62,13.74,13.6,13.71,85181,0
20141128,13.7,13.75,13.56,13.6,74000,0
20141201,13.132,13.56,13.132,13.35,337242,0
20141202,12.76,12.99,12.51,12.78,661045,0
20141203,12.71,12.82,12.7,12.77,277448,0
20141204,12.76,12.79,12.69,12.7,183792,0
20141205,12.27,12.54,12.21,12.38,940776,0
20141208,12.25,12.39,12.25,12.31,365146,0
20141209,12.18,12.35,12.16,12.32,304788,0
20141210,12.31,12.35,12.16,12.21,143409,0
20141211,12.34,12.34,12.25,12.3,123888,0
20141212,12.27,12.31,12.16,12.19,64083,0
20141215,12.19,12.255,12.07,12.12,166052,0
20141216,12,12.2,12,12.08,259470,0
20141217,12.11,12.29,12.06,12.25,191973,0
20141218,12.3,12.3,12.18,12.24,171542,0
20141219,12.24,12.24,12.15,12.19,352638,0
20141222,12.22,12.22,12.14,12.21,108876,0
20141223,12.22,12.22,12.17,12.19,109084,0
20141224,12.22,12.22,12.17,12.19,40983,0
20141226,12.23,12.27,12.23,12.25,79061,0
20141229,12.27,12.33,12.245,12.3,118986,0
20141230,12.25,12.38,12.25,12.34,68832,0
20141231,12.34,12.35,12.26,12.27,109055,0
20150102,12.3,12.35,12.06,12.16,94624,0
20150105,12.09,12.22,12.06,12.08,95293,0
20150106,12.11,12.12,12,12,162592,0
20150107,12.06,12.11,11.978,12,66172,0
20150108,12.06,12.15,12,12.11,56618,0
20150109,12.1,12.1,11.98,12,196669,0
20150112,12,12.16,11.955,12.04,405836,0
20150113,10.85,10.95,10.78,10.82,16103350,0
20150114,10.7,10.8,10.64,10.72,4410787,0
