97.24
97.50
97.98
99.16
100.53
100.57
100.58
101.32
101.54
100.89
102.13
102.25
102.50
103.30
98.94
98.12
98.97
98.36
97.99
101.00
101.43
101.66
101.63
100.86
101.58
101.79
100.96
101.06
102.64
101.75
97.87
100.75
100.11
100.75
99.18
99.90
99.62
99.62
98.75
100.80
101.02
100.73
99.81
98.75
97.54
96.26
97.67
99.76
102.47
102.99
104.83
105.22
105.11
106.74
107.34
106.98
108.00
109.40
108.60
108.86
108.70
109.01
108.83
109.70
111.25
112.82
114.18
113.99
115.47
114.67
116.31
116.47
118.63
117.60
119.00
118.93
115.07
114.63
115.93
115.49
115.00
112.40
114.12
111.95
111.62
109.73
108.23
106.75
109.41
112.65
111.78
112.94
112.54
112.01
113.99
113.91
112.52
110.38
109.33
106.25
106.26
107.75
111.89
112.01
109.25
110.22
