3.41
3.38
3.62
3.58
3.35
3.18
3.24
3.13
2.94
2.76
2.72
2.63
2.59
2.67
2.59
2.80
2.75
2.60
2.66
2.61
2.58
2.71
2.67
2.87
2.82
2.61
2.66
2.64
2.58
2.63
2.70
3.00
3.41
3.74
3.99
4.27
4.57
5.22
5.65
4.50
4.40
4.38
4.19
4.22
4.21
4.48
4.25
4.22
4.14
6.25
5.25
5.43
5.82
6.22
5.44
5.57
5.18
4.72
4.74
4.92
4.90
4.41
4.33
4.31
4.47
4.45
4.53
4.46
3.71
3.68
3.53
3.37
3.26
3.47
3.47
3.45
3.37
3.73
3.45
3.40
3.11
3.05
3.54
3.35
4.01
4.31
4.81
4.37
4.59
4.41
4.41
4.44
4.67
4.56
4.48
4.33
4.20
3.94
4.04
4.26
4.16
4.23
4.23
4.41
5.00
4.83
4.89
4.86
4.64
4.69
4.67
4.66
4.41
4.33
4.44
4.55
4.46
4.48
4.54
4.52
4.26
3.96
3.87
3.76
3.51
3.62
3.69
3.59
3.56
3.64
3.59
3.66
3.71
3.68
3.70
3.59
3.59
3.58
3.31
3.27
3.29
3.31
3.31
3.36
3.37
3.58
3.93
3.88
3.81
3.59
3.51
3.59
3.74
3.87
3.77
3.68
3.68
3.77
3.63
3.58
3.78
3.86
4.26
4.14
4.18
3.81
3.87
3.87
3.76
3.58
3.57
3.57
3.56
3.37
3.23
3.31
3.37
3.21
3.33
3.29
3.25
3.19
3.23
3.41
3.28
3.22
3.09
3.02
2.87
2.73
2.70
2.78
2.80
2.70
2.77
2.80
2.76
2.93
3.03
3.01
3.00
2.97
2.89
2.95
3.10
3.09
3.04
2.95
2.92
2.93
2.51
2.39
2.26
2.18
2.15
2.20
2.24
2.36
2.31
2.28
2.28
2.28
2.26
2.24
2.33
2.40
2.32
2.30
2.20
2.27
2.20
2.24
2.25
2.23
2.33
2.49
2.35
2.33
2.25
2.32
2.28
2.30
2.25
2.26
2.32
2.22
2.18
2.22
2.20
2.23
2.25
2.69