161.02
160.91
160.9356
160.6099
160.507
160.33
160.505
160.19
160.14
160.08
160.03
159.94
160.07
160.2
160.19
159.98
160
159.7
159.7399
159.68
159.61
159.57
159.5801
159.7555
159.55
159.54
159.5
159.48
159.5235
159.53
159.44
159.4
159.59
159.505
159.52
159.56
159.5899
159.68
159.8
159.8
159.82
159.8
159.8
159.8
159.81
159.82
159.8
159.8
159.8
159.72
159.64
159.58
159.66
159.52
159.775
159.8
159.949
159.92
159.92
159.83
159.8
159.73
159.74
159.77
159.83
159.78
159.88
159.72
159.91
159.88
159.92
159.8699
159.945
160.01
159.97
160.06
160.04
160.047
160.04
160.102
160.117
160.147
160.19
160.22
160.357
160.33
160.24
160.15
160.28
160.3
160.42
160.38
160.35
160.4299
160.22
160.11
160.13
160.14
160.12
160.0128
159.98
159.97
159.98
159.95
159.97
159.97
159.9
159.87
159.865
159.93
159.9601
160
159.87
159.99
159.89
159.905
159.93
159.95
159.9
159.93
159.96
160.01
160.02
159.99
159.97
159.95
159.84
159.82
159.7582
159.75
159.74
159.69
159.596
159.635
159.5392
159.46
159.57
159.53
159.54
159.55
159.54
159.53
159.604
159.5
159.62
159.64
159.61
159.65
159.63
159.61
159.65
159.64
159.61
159.5
159.58
159.56
159.5
159.47
159.465
159.49
159.45
159.49
159.52
159.5
159.465
159.47
159.45
159.453
159.455
159.43
159.44
159.44
159.4276
159.44
159.4
159.447
159.41
159.41
159.33
159.34
159.35
159.34
159.32
159.3
159.3
159.4275
159.43
159.45
159.46
159.4644
159.42
159.6
159.548
159.53
159.695
159.735
159.76
159.64
159.74
159.76
159.695
159.7
159.68
159.69
159.74
159.71
159.54
159.59
159.59
159.58
159.5
159.62
159.65
159.73
159.695
159.68
159.65
159.73
159.67
159.56
159.62
159.77
159.685
159.55
159.68
159.649
159.57
159.56
159.54
159.652
159.56
159.5201
159.42
159.4903
159.44
159.4
159.37
159.47
159.41
159.43
159.49
159.41
159.4
159.55
159.59
159.5999
159.63
159.57
159.58
159.545
159.48
159.45
159.455
159.45
159.47
159.41
159.43
159.34
159.495
159.4
159.42
159.349
159.39
159.4345
159.52
159.497
159.37
159.37
159.36
159.32
159.42
159.38
159.37
159.37
159.28
159.28
159.3
159.35
159.48
159.525
159.44
159.41
159.33
159.39
159.28
159.39
159.295
159.28
159.38
159.36
159.27
159.335
159.26
159.28
159.38
159.38
159.3441
159.4648
159.46
159.39
159.41
159.48
159.51
159.44
159.38
159.47
159.3566
159.5
159.467
159.53
159.449
159.48
159.39
159.55
159.48
159.45
159.53
159.56
159.5499
159.49
159.49
159.595
159.665
159.8
159.8
159.67
159.73
159.81
159.63
159.65
159.6
159.605
159.75
159.68
159.7
159.77
159.78
159.755
159.78
159.67
159.53
159.5
159.51
159.83
159.491
159.27
159.68
159.64
159.6899
159.62
159.31
159.44
159.33
159.075
159.125
159.15
159.07
159.44
159.59
159.5
159.53
159.43
159.48
159.25
159.215
159.26
159.28
159.19
158.79
158.86
158.7444
158.3933
158.52
158.41
158.245
158.45
158.34
158.35
158.36
158.26
158.245
158.21
158.37
158.48
158.65
158.62
158.69
158.769
158.721
158.675
158.63
158.598
158.63
158.82
158.85
158.85
158.77
158.7399
158.75
158.725
158.68
158.61
158.47
158.45
158.54
158.5279
158.565
158.52
158.43
158.4
158.3535
158.3
158.22
158.21
158.15
158.06
157.95
157.96
157.98
157.9642
157.92
157.88
157.82
157.88
158.18
158.23
158.335
158.31
158.3
158
157.92
157.85
157.66
157.5
157.35
157.19
157.16
157.17
157.22
157.23
157.16
157.21
157.13
157.07
157.09
157.08
157.031
157.05
157.115
156.97
156.8958
156.8
156.7
156.56
156.56
156.53
156.46
156.3899
156.26
156.093
155.72
155.8238
155.8
155.71
155.87
155.91
155.835
156.0201
155.86
155.8
155.77
155.79
156.02
156.1
156.16
156.1235
156.19
156.16
156.2135
156.33
156.36
156.3
156.3395
156.44
156.42
156.43
156.4
156.37
156.37
156.435
156.45
156.58
156.48
156.34
156.24
156.26
156.29
156.2965
156.37
156.29
156.25
156.19
156.31
156.24
156.42
156.45
156.47
156.3905
156.34
156.31
156.55
156.59
156.52
156.54
156.6199
156.4895
156.37
156.44
156.55
156.49
156.52
156.52
156.42
156.41
156.51
156.436
156.44
156.4
156.5
156.49
156.47
156.51
156.48
156.49
156.49
156.44
156.39
156.37
156.3797
156.34
156.27
156.22
156.36
156.34
156.3361
156.34
156.37
156.2962
156.25
156.21
156.14
156.18
156.15
156.07
155.9899
155.85
155.855
155.85
155.79
155.775
155.63
155.65
155.44
155.43
155.51
155.49
155.52
155.6
155.48
155.57
155.44
155.46
155.32
155.34
155.22
155.295
155.34
155.195
155.32
155.33
155.39
155.51
155.41
155.37
155.43
155.5
155.5
155.3401
155.52
155.54
155.64
155.76
155.74
155.66
155.607
155.6
155.51
155.47
155.6
155.685
155.68
155.72
155.74
155.71
155.855
156.09
155.9205
155.89
155.87
155.91
156.09
156.01
156.18
156.21
156.212
156.36
156.2701
156.29
156.28
156.37
156.36
156.3
156.2
156.14
156.04
156.01
155.987
155.86
155.939
155.85
155.86
155.843
155.88
156
156.08
156.11
156.12
156.11
156.16
156.18
156.1057
156.275
156.42
156.55
156.6
156.62
156.54
156.5325
156.45
156.539
156.52
156.56
156.59
156.55
156.6099
156.62
156.55
156.65
156.62
156.62
156.5393
156.66
156.56
156.545
156.4998
156.51
156.49
156.415
156.3
156.21
156.15
156.19
156.34
156.23
156.31
156.39
156.24
156.335
156.22
156.38
156.26
156.19
156.17
156.09
156.37
156.491
156.45
156.51
156.34
156.51
156.505
156.585
156.502
156.4879
156.36
156.63
156.48
156.42
156.41
156.51
156.6499
156.66
156.71
156.62
156.49
156.605
156.57
156.42
156.49
156.41
156.51
156.51
156.435
156.35
156.39
156.39
156.47
156.58
156.54
156.53
156.63
156.74
156.69
156.6624
156.601
156.495
156.41
156.45
156.27
156.06
156.22
156.21
156.04
157.02
156.81
156.47
155.98
156
155.85
155.88
155.89
155.83
155.76
155.94
155.88
155.839
155.82
156.09
156.02
155.6899
155.4045
155.32
155.18
155.39
155.39
155.43
155.5
155.4042
155.2099
155.13
154.84
154.98
155
155.05
155.25
155.19
155.1
155.17
155.15
155.24
155.22
155.18
155.3
155.11
155.04
155.08
154.97
155.02
155.08
155.11
154.94
154.94
155
154.9988
155.05
155.0835
155
154.63
154.55
154.63
154.7
154.62
154.62
154.71
154.6
154.58
154.54
154.69
154.66
154.7699
154.78
154.7661
154.6
154.41
154.44
154.54
154.48
154.33
154.41
154.38
154.41
154.68
154.67
154.78
154.78
154.75
154.69
154.82
154.78
154.7722
154.84
154.83
154.85
154.89
154.69
154.67
154.5468
154.69
154.69
154.58
154.52
154.62
154.6
154.56
154.43
154.3573
154.38
154.3726
154.33
154.366
154.4399
154.43
154.52
154.45
154.4
154.466
154.43
154.43
154.36
154.27
154.18
154.29
154.33
154.4
154.41
154.45
154.45
154.51
154.46
154.48
154.55
154.51
154.56
154.5352
154.438
154.52
154.55
154.5
154.51
