17.36946835
17.77914153
17.58445621
16.45592645
15.82806358
16.98366052
17.29281825
16.97482975
15.70605219
16.00268386
15.99399783
15.70104184
17.82789223
17.98515704
16.58693337
17.62804052
17.63484515
17.59259858
16.12742946
15.84472495
15.66615866
16.83127998
16.53939745
17.54767443
17.26892418
17.3308421
15.95009105
16.77429138
15.73506948
17.41494049
16.91987266
16.38738406
17.44336957
15.93647295
16.86950615
15.68772756
16.34108917
16.76745064
17.08351932
17.46760086
17.33062609
17.24219225
17.56053342
15.73530555
17.93488113
16.47570125
16.85594977
16.88575311
15.76492648
17.3593742
16.55030315
15.71349643
15.72704802
16.83426992
17.96199812
