8.00
8.07
8.15
8.33
8.44
8.42
8.24
8.25
7.99
7.81
7.72
7.75
7.90
7.95
8.38
8.18
8.30
8.02
8.12
8.23
8.18
7.85
7.76
8.20
8.25
8.25
8.50
8.89
8.67
8.70
8.78
8.75
8.90
8.88
8.91
8.95
8.92
8.94
8.93
8.66
8.73
8.63
8.54
8.11
8.20
8.16
8.21
8.47
8.79
8.51
8.69
8.37
8.79
8.70
8.98
9.10
9.22
9.22
9.26
9.49
9.76
9.62
9.59
9.36
9.07
9.32
9.25
9.31
9.25
9.40
9.45
9.40
9.35
9.20
9.17
9.50
9.76
9.81
9.78
9.74
9.78
9.77
9.43
9.29
9.40
9.35
9.36
9.31
9.39
9.23
9.38
9.34
9.33
9.21
9.27
9.11
9.17
8.91
8.84
8.80
8.77
8.74
8.79
8.83
9.00
8.97
8.99
9.00
8.93
8.98
8.92
8.55
8.56
8.72
8.67
8.85
8.71
8.69
8.76
8.97
8.73
8.77
8.92
8.90
8.91
8.99
8.80
8.83
8.80
8.84
8.89
8.93
8.68
8.44
8.45
8.47
8.31
8.35
8.30
8.87
8.61
8.63
8.46
8.47
8.45
8.60
8.43
8.55
8.43
8.47
8.87
8.84
8.62
8.33
8.61
8.43
8.32
8.37
8.16
8.34
8.49
8.56
8.62
8.80
8.72
8.77
8.78
8.60
9.01
9.38
9.85
9.76
9.29
9.31
9.39
9.31
9.24
9.30
9.40
9.30
9.30
9.10
8.60
8.63
8.13
8.22
8.46
8.15
8.19
8.19
8.33
8.18
8.11
8.24
8.40
8.70
9.39
9.59
9.48
9.49
9.50
9.43
9.40
9.86
9.84
9.77
9.42
9.22
9.27
9.24
8.23
