49.05
49.44
48.99
48.59
48.48
49.22
48.75
48.89
49.01
49.00
48.89
48.78
48.99
49.45
49.71
50.22
49.23
48.53
49.00
50.25
50.30
49.82
50.06
50.15
50.60
50.09
49.96
50.50
49.46
49.81
49.26
49.44
49.25
49.28
49.28
49.00
49.06
48.54
48.38
48.31
48.75
50.20
49.45
49.10
48.89
49.62
49.33
48.98
48.95
48.92
49.44
49.74
49.17
49.21
49.12
49.06
49.18
49.29
49.55
49.59
49.92
50.62
51.20
51.94
53.10
55.70
55.97
56.93
56.37
56.39
56.00
54.52
55.01
55.11
54.62
54.19
54.02
54.07
53.80
53.33
52.94
53.14
52.28
51.80
51.66
51.00
51.15
50.71
51.02
50.99
50.72
50.94
50.48
50.10
50.06
50.15
50.35
49.71
50.08
50.60
52.02
53.89
54.06
54.79
55.29
54.76
55.34
55.07
54.59
55.09
54.91
54.56
55.11
55.00
55.12
55.74
55.25
55.44
55.49
56.00
57.01
58.58
59.44
59.85
60.16
60.78
60.69
60.42
59.99
59.43
59.33
60.02
59.80
59.40
59.91
60.89
63.19
65.98
66.25
67.69
68.47
68.36
69.27
68.44
67.69
68.47
67.97
67.99
68.20
68.80
68.62
68.93
68.03
68.75
68.39
68.44
68.38
69.47
69.17
70.39
70.40
71.47
71.88
73.28
72.71
70.24
70.28
70.41
70.90
69.85
72.62
73.05
73.38
72.90
71.93
71.45
71.20
70.53
72.57
73.04
73.97
75.18
74.62
75.39
75.60
76.02
77.29
77.50
78.15
78.11
78.21
77.03
76.70
78.21
78.00
79.22
77.88
77.95
78.10
77.34
77.79
79.62
80.00
80.00
80.13
78.40
79.12
80.95
82.26
81.98
82.04
81.91
